-3.595489736202890640e-02
-1.090464633110890535e-01
-7.407834438362423390e-02
-3.373685930830399443e-02
-1.009506056944375063e-01
-3.843979900652782361e-02
-7.646504555325217556e-02
-7.505505458896617743e-02
-4.738850652051886103e-02
-6.356694918172993425e-02
-2.554293135202211767e-02
-7.471804851554503246e-02
-1.157073098561057084e-01
-9.471926107900965897e-02
-3.804534358239658465e-02
-9.280036930349010171e-02
-6.449231516217682203e-02
-7.416206878003700487e-02
-9.789822209018825272e-02
-9.765535172600411928e-02
-1.095906438989296405e-01
-1.270461467068248751e-01
-9.738084992317763700e-02
-1.125972546395576646e-01
-9.577582495016358222e-02
-1.226665808497031107e-01
-1.116498542976269437e-01
-1.688324255615648029e-01
-1.430694658476066861e-01
-1.436939779121302607e-01
-1.373966717717110819e-01
-1.475309342634703591e-01
-1.414199453579399746e-01
-1.167614714383541086e-01
-1.589491022388392349e-01
-1.524484061971139726e-01
-1.748495957652894395e-01
-1.599231309465554973e-01
-1.578096779590500709e-01
-1.403308009779174748e-01
-1.615501639516384313e-01
-1.701342465560509165e-01
-1.518264178151393917e-01
-1.598342303653721985e-01
-2.257701257165124487e-01
-1.230127894730546623e-01
-2.117853201778806260e-01
-1.865306875008609366e-01
-2.073780969050734724e-01
-2.127825087090762513e-01
-2.484058002628383999e-01
-2.193490033948613527e-01
-2.102357326511757329e-01
-1.640884381242221079e-01
-2.295709668748463772e-01
-2.253163829577741195e-01
-2.628449699889355839e-01
-2.278260230660614505e-01
-2.195860294180002614e-01
-2.033600482107948970e-01
-2.112467056805215071e-01
-1.972823431174423325e-01
-1.778321700256870197e-01
-1.804211353087536440e-01
-2.105463506136218133e-01
-1.564142172703709976e-01
-2.127632646523485438e-01
-1.999157344830561622e-01
-1.880479490935112463e-01
-1.767278291021560088e-01
-2.206263650769416385e-01
-2.269443875719653336e-01
-1.789974080628558839e-01
-1.658769689183346441e-01
-1.888028262342439367e-01
-1.790798856882170609e-01
-1.882938558239301841e-01
-1.779141990007380991e-01
-1.438496886220682336e-01
-1.582404499200621706e-01
-1.550041881407262789e-01
-1.515951268597936774e-01
-1.555048208187681247e-01
-1.502706723402159883e-01
-1.545956840153237533e-01
-1.995858955435257653e-01
-1.608245978695749534e-01
-1.450357696879158720e-01
-1.227797891638156835e-01
-1.278435888306761747e-01
-1.028598713916938079e-01
-1.188595459497232415e-01
-8.401982617106683315e-02
-1.069353100581283411e-01
-1.364711135748077342e-01
-1.060921005580986731e-01
-1.141372116600996578e-01
-1.468200532525409663e-01
-1.549636324129608500e-01
-8.927254066099671315e-02
