-1.871418698703677663e-01
-2.149188255880567222e-01
-1.755575751127070316e-01
-1.603747564233837519e-01
-1.521494570280297054e-01
-1.745046629990559262e-01
-2.232853845136052451e-01
-1.336580628004535587e-01
-1.288044522732200992e-01
-1.814761657103308723e-01
-1.550716632686516550e-01
-1.626733642175279826e-01
-1.376375089829299236e-01
-1.241427029488648692e-01
-1.587891827353486163e-01
-1.872002056316828256e-01
-1.678185563437192551e-01
-1.420707248603856887e-01
-1.268463669738603694e-01
-9.639968912203161766e-02
-1.227132581795833677e-01
-6.503775245342457989e-02
-9.926667782959593123e-02
-1.165899559906664329e-01
-5.541716935613267420e-02
-9.089300761837509901e-02
-8.334256539903421579e-02
-7.898790355554653753e-02
-1.153854717869917390e-01
-8.720823934045768278e-02
-4.513100263224562037e-02
-6.796062509565820031e-02
-9.506524279557392043e-02
-2.468559085004037174e-02
-4.754295108721622032e-02
-3.644327852986854049e-02
-6.244546990694614663e-02
-2.954382905879800875e-02
-4.792539999905098824e-02
-5.054870359494070126e-02
-1.731513971699649018e-02
-3.074263751806194725e-02
-2.044473373589132670e-02
-8.446112466040947564e-02
-1.613415313101917298e-02
-4.083650321376775666e-02
-4.121415162015118483e-02
-1.825415838247734790e-02
-9.999546729198442729e-03
1.121211285514296316e-02
-4.889286814052677677e-02
-3.251191745749575090e-02
-1.485363992775271674e-02
-4.766526850134023691e-02
2.050690241041545903e-02
2.251669617690091330e-02
9.594535530280803165e-03
-2.682766839969201456e-02
1.295989083420749990e-02
2.320522707431517048e-02
-2.836787409920332043e-02
1.534017218656572729e-02
1.414049221740335677e-02
-3.943638936688212415e-02
2.559609749149347607e-04
-7.481321616793113090e-04
-1.269848371818326979e-02
3.084137872897566024e-02
-3.604627879796723500e-02
4.511084299837349668e-03
-6.377771709528926459e-04
1.040160134817055479e-02
-1.279834759052432026e-02
-1.672729369549596015e-02
7.922673148721055304e-04
-1.514549074065400965e-02
-2.084106027301416142e-02
7.052511580458904923e-03
1.282178963038528401e-02
2.540950425125757320e-02
-1.797401651068916695e-02
-2.573155975142345925e-02
3.491726720673949021e-03
3.179091467759327660e-02
1.847729091969512599e-02
4.542987524794472182e-02
5.898535821729066625e-03
6.256201458787535863e-02
1.163142182090136714e-02
-1.963964399470582295e-02
3.425459577198176897e-02
1.527848001707371277e-02
3.449169440698400708e-03
1.552801510100771179e-02
4.434364378409036845e-04
-2.014659070135563224e-02
1.025306984097742666e-02
-1.174652741119266638e-02
3.636965643485093325e-02
-2.116204983125461597e-02
