-7.955031871574580471e-02
-4.811535437043281543e-02
-5.519936476435640532e-02
-6.158784160308218569e-03
-4.573736721829452928e-02
-5.074504252220612271e-02
-4.813968883827250689e-02
-3.699457049892063143e-02
-3.741793328998131024e-02
-5.584884116115727132e-02
-4.762319644514860506e-02
-7.717373443447907155e-02
-2.478358994901873336e-02
-1.032719616161898446e-01
-9.112586699008820568e-02
-6.932663810413484951e-02
-9.930114703837075729e-02
-6.229270771477173063e-02
-1.142914104113396667e-01
-3.633301288602101831e-02
-1.024240693291550847e-01
-9.837914321702613540e-02
-6.840802692472747193e-02
-9.427441535926729677e-02
-9.011051079635871985e-02
-8.400528165292758809e-02
-1.043970030991107495e-01
-1.237215205266849333e-01
-1.169824735859834042e-01
-1.050332905157684571e-01
-1.469497983058136725e-01
-1.707198566232163706e-01
-1.414254889865035059e-01
-1.361249761819816329e-01
-1.319211576536975516e-01
-1.577244263997371054e-01
-1.652590322256827782e-01
-1.272724468013474441e-01
-1.471428807670643879e-01
-1.380786216033861591e-01
-1.406973017683534055e-01
-1.746719398509243848e-01
-1.517956667140270832e-01
-1.988877473791769712e-01
-1.776806041876694553e-01
-2.148482655037870503e-01
-1.784933410594509717e-01
-2.187260960228676887e-01
-1.671723301543630302e-01
-1.979176242693292398e-01
-2.015818330067710162e-01
-1.799061241269410971e-01
-2.146030884837266117e-01
-2.245330414542090203e-01
-1.984995898251964708e-01
-1.967250862779169052e-01
-2.003330197266244006e-01
-1.921410660527742009e-01
-1.612625043010807169e-01
-2.079214951861461103e-01
-1.872951157518507603e-01
-2.038899536967812010e-01
-2.267249723131218309e-01
-1.934286672408705443e-01
-1.680019091560218114e-01
-2.216635722187026425e-01
-1.890894708167728810e-01
-1.777843929414949786e-01
-2.036066877435277478e-01
-2.098447076272396128e-01
-1.707938548200742535e-01
-1.788232158372727310e-01
-1.761006637380373441e-01
-1.607793553420719945e-01
-1.948323801632315111e-01
-2.240120514487600190e-01
-1.643914792000390757e-01
-1.694606351855175164e-01
-1.531082620962350704e-01
-1.734525304942857171e-01
-1.585141170156212365e-01
-1.788226448878802444e-01
-1.450843468957262461e-01
-1.606759617241106386e-01
-1.399598080925247567e-01
-1.677246545122021704e-01
-1.746620843917257027e-01
-1.820036065186527163e-01
-1.586039375570591492e-01
-1.171648329705186897e-01
-1.735620215494216856e-01
-1.462014069184505716e-01
-1.088746698767942556e-01
-1.246893784556572793e-01
-1.478264064028367575e-01
-9.623496714692572618e-02
-1.163807438078214851e-01
-1.109765205891587170e-02
-7.155444615169602451e-02
-5.241357760392211657e-02
