-3.487745296952446394e-01
-3.243662505084934367e-01
-3.816987209770464351e-01
-3.037471090830364817e-01
-2.983573308990776773e-01
-3.164585045796742824e-01
-3.329028553971766224e-01
-3.181048904098782715e-01
-3.111532465735409869e-01
-3.106419894511059931e-01
-3.150618558532868874e-01
-2.756923666473597989e-01
-2.773754463241356882e-01
-2.486552747695490173e-01
-2.750965605583690077e-01
-2.289488098126573890e-01
-2.412841897077201148e-01
-2.412440625047220788e-01
-2.318071709648084622e-01
-2.070052360898482768e-01
-2.075669926204126436e-01
-2.029747627643969654e-01
-2.304186186600445108e-01
-1.777049602259266614e-01
-1.965098498126776616e-01
-1.888282703284631658e-01
-1.584976227802649407e-01
-1.475766095066524397e-01
-1.455125929895988712e-01
-1.345980888471053627e-01
-1.293342373875579210e-01
-1.257538095098418851e-01
-1.137123856817962853e-01
-9.523088066094462234e-02
-1.211332469248008192e-01
-7.516369214192251957e-02
-1.279528868161858846e-01
-9.990430192482563365e-02
-4.259970003556867030e-02
-2.273837715795133663e-02
-7.801141651658483056e-02
-5.877830109980407280e-02
-3.227141329998112901e-02
-3.682012469010512157e-02
-2.182157925080486366e-02
-6.086084532234041500e-02
-6.598665017888831474e-02
-3.728118739471295018e-02
-9.002113131702285664e-02
-2.112553515259353587e-02
-5.522492003451938414e-02
-1.248946107868324253e-02
1.025887087246522833e-02
3.028127864257139021e-02
-1.295393489593730033e-02
-5.729833636300120381e-02
1.839331489694362790e-02
1.929339083508267369e-02
-5.582749369939646322e-02
-5.966173564510764138e-02
-3.145350807003298443e-02
3.535731083235427175e-02
-3.662912245167271319e-02
-3.221893428188250807e-02
1.243797858471807835e-02
-6.820171014631484264e-03
6.994327180452663065e-04
2.740463208869481013e-02
-6.607276158610606021e-03
-8.718166364695462481e-03
-1.230620340191698053e-02
2.705030061762383337e-02
2.332191196395765054e-02
-7.628825428396258240e-03
-7.444306023449445003e-03
2.135552187729252045e-03
3.357672152239474239e-02
1.085862022914901685e-02
1.733057256769994850e-02
6.961073824358869275e-03
1.040051609771662326e-02
-1.829723782269907298e-02
5.935123848020413921e-03
-2.447113618953998190e-02
-8.445182515985690669e-03
1.009231243928993688e-02
-2.595655346778936307e-02
1.560844950510698395e-02
1.812144270956494302e-02
-2.335370151972803246e-02
-9.212863272473838586e-03
3.116714565640426107e-02
-5.361403307132353580e-02
4.110564372179061760e-02
-3.177144198673679306e-03
3.818809172751098935e-02
1.878428484455964970e-02
5.992400889304671727e-03
-5.462553148879888826e-02
1.883943863396731269e-02
