-2.304764375058747095e-01
-2.320052443589855073e-01
-2.369671959485882828e-01
-2.854716563977305888e-01
-2.804061713331731376e-01
-2.363664818471944151e-01
-2.222630995350689809e-01
-2.601340053713474543e-01
-2.242207441791502776e-01
-2.104108568023680681e-01
-2.313711700644320857e-01
-1.938547489034848637e-01
-2.256466673151335534e-01
-1.925595684380435324e-01
-1.697410491398365084e-01
-1.870039278150639472e-01
-1.863408643548439270e-01
-1.241242117620075802e-01
-1.937152635122636468e-01
-1.587838699650057084e-01
-1.786932963608247327e-01
-1.550397892526810817e-01
-1.446499078829658058e-01
-1.437272947871120754e-01
-1.120043555213472014e-01
-1.321912995904270527e-01
-9.699071344620123492e-02
-1.452578252984343676e-01
-1.225020362775566807e-01
-5.515030627727374180e-02
-7.229861376836192732e-02
-9.339599910507918878e-02
-7.384145255599304514e-02
-7.500127700268562070e-02
-5.480834380181376364e-02
-6.349493090960428576e-02
-5.039650170936977452e-02
-6.938760189881296170e-02
-4.782528039116550056e-02
-8.619882006924162177e-02
-4.652532729701293335e-02
-2.638994332795135955e-02
-6.638681585663500084e-02
1.402024610030259966e-02
-9.019958237999479295e-03
-3.453281780898819625e-02
-2.900718006617213421e-02
-1.368725145463781101e-03
-6.161670127461217616e-02
1.542308769777560665e-02
2.797808815108500380e-03
-1.628228069793681218e-02
-4.165110549053810396e-02
-1.213950035540339867e-02
-2.318870229943226571e-02
-1.151814465713801861e-02
-2.602883630707106266e-02
-1.743672635148253020e-02
-1.326592272588900112e-02
-3.067591385784011748e-02
3.099837374845541144e-04
-2.263775493628601698e-02
1.732910780322670374e-02
-1.481278679371832510e-02
8.870441185319440092e-03
-4.221699631711421652e-02
6.078299305812892052e-03
1.876996564915191235e-02
3.206355088136721154e-02
-2.234714475227865364e-03
-3.911746717710178067e-02
1.621521666740752352e-03
-1.716607546159777328e-02
1.393010248898630260e-02
2.078279606239981717e-02
2.842158865734943987e-02
-5.494348704114859760e-02
5.088015607363269299e-02
-1.863812306191436896e-02
-2.619632555682972416e-02
-2.563741803602850172e-02
4.994092921727490662e-03
-1.397986839634409936e-02
2.558966936332314826e-02
-1.251753782670252287e-02
-1.561912897531096515e-02
-5.605379310105781943e-02
2.592664502253061790e-03
1.897502750939548954e-02
-1.040240600223632733e-03
2.746501896608839755e-02
-2.964374099444484073e-02
1.001700984842772424e-02
2.652973049457657204e-02
3.780501483656448919e-02
-1.115515529082603506e-02
1.059723902434879864e-02
3.540839948884719202e-02
-2.257636121562343401e-04
2.078858280417023377e-02
