-9.594451469415356260e-02
-5.588309819843360893e-02
-9.159002925193010514e-02
-1.165188738456470613e-01
-8.491578255624443461e-02
-8.311519981341294883e-02
-9.913153738862852393e-02
-1.167488148444854323e-01
-7.783414474489812329e-02
-6.765460825097077691e-02
-1.107227443664963451e-01
-7.262048358212952470e-02
-1.070587621455499627e-01
-8.358904940544653606e-02
-5.107802152137556895e-02
-8.479060969783600021e-02
-3.899793648127374002e-02
-6.487635383473579209e-02
-5.760751626966846561e-02
-4.476586466481811966e-02
-5.627301727760529448e-02
-6.992543548339980042e-02
-4.744763834389201934e-02
-4.989816847751640805e-02
-2.861540650281197903e-02
6.150329929220231528e-03
-3.760212086108177115e-02
-5.736652596648993130e-02
-3.107889250109472506e-02
-3.342477444162272882e-02
-3.835210032962090010e-02
-2.093108039022440955e-02
-3.696424064236769613e-02
-1.968016286758745431e-02
-2.935364815128191016e-02
-4.493838366012144203e-02
-1.454223235245958104e-02
2.857276608896489739e-02
-2.992726654485074189e-02
-2.733094769749774139e-02
-1.975108562949931534e-02
5.575639935576151562e-03
-4.147509718424522568e-02
-5.512512094981625657e-03
-2.311928262062691933e-02
-6.110161501873143802e-02
-2.228443021876826829e-02
3.787986752241334631e-02
1.707119035818142894e-02
1.298077615108004894e-02
-5.324683682079030603e-03
-2.248228008926390215e-02
-3.835798590252771645e-03
2.833136675694140558e-02
-3.069094846806694546e-02
-5.160181503164258318e-03
5.838571601393791402e-03
1.154357454895127075e-02
-2.982798445764078474e-03
1.871489770064302307e-03
-3.459737041240795730e-02
-1.644272261414374964e-02
6.824759676961398951e-04
-1.924272573421660290e-02
2.799790649070675944e-02
3.400738528408179390e-02
-3.951462398106574125e-02
-4.044408473719593444e-02
2.184485031207434452e-02
-2.978694412207161940e-02
2.969962754008356048e-02
2.358888373644875414e-02
6.539308499620138417e-03
-1.402975073423860276e-02
-3.063458209630099890e-02
-8.347592193703850735e-03
1.080211801490085430e-02
2.491843421797456173e-02
-2.445187488062559172e-02
-2.366290982258654335e-02
3.437354871916458408e-03
1.791182146743129644e-02
-1.411540636078109645e-02
2.421202765237345789e-02
3.443777180639127911e-02
-1.252235679215929834e-02
7.048404819986993537e-03
4.217784236912592438e-03
2.471501522487964259e-02
5.420086511149847797e-02
-1.617676805510026485e-03
1.192416450949492120e-02
-3.062772569001761050e-02
1.230963303118440266e-02
5.610773027390829511e-03
2.722179238914998380e-03
-1.491058127342633627e-02
3.208636317496162821e-02
1.478800383689258917e-03
2.182048726813842852e-03
