-1.895347206155844622e-01
-1.898109554124537690e-01
-1.414517322992277781e-01
-1.781384938650064642e-01
-2.144585891994328364e-01
-1.868746501986562614e-01
-1.317809330413821367e-01
-2.073651766678266395e-01
-1.528790629615390251e-01
-1.706332443226355466e-01
-1.653571193052760790e-01
-1.697387435111870346e-01
-1.850359609505232150e-01
-1.414188739771699288e-01
-1.547524522122466217e-01
-1.602340189445572438e-01
-1.397902535501818477e-01
-1.384034175347158002e-01
-1.581609582541277925e-01
-9.866539545080738050e-02
-1.225582273642299297e-01
-1.471882616891585227e-01
-1.198986951045258181e-01
-1.062240577754983289e-01
-9.995511570681024638e-02
-8.243122806554679938e-02
-7.906107131860717896e-02
-1.108066588787569862e-01
-6.736780844156560477e-02
-6.258034502401987886e-02
-6.877802280346990982e-02
-7.124310125813573813e-02
-7.700523653846305661e-02
-4.489347055444019297e-02
-7.331559885060474901e-02
-2.161740199108645039e-02
-3.872889356629116708e-02
-8.472258973371465940e-02
-5.633467090484246820e-02
-3.942854886927970454e-02
-3.314162704234645956e-02
-2.571696149665160525e-03
-3.276223402288275938e-02
-2.870187830975908655e-02
-3.484996156254922817e-02
-5.455341792779781068e-02
-4.499811148154443663e-02
-2.784137667620436435e-02
-3.692761394260616475e-03
-2.341911060849585779e-02
-2.764656534178933089e-02
-4.896008869559966004e-02
3.272768859524233243e-02
-4.367095354980279204e-02
6.841920938890168336e-03
-2.926342104175659597e-03
-8.857015942032893732e-03
-4.182101636891639995e-02
-1.838900958520661363e-02
1.419762911798711294e-02
1.259458754374197589e-02
-1.061163902614926935e-02
7.564055320027841985e-03
2.226004861457991924e-02
-5.031613425506542212e-03
-2.759168425228769508e-03
1.377133092879386303e-02
-1.070406977133667517e-02
1.169027505877393361e-02
6.133727283336344246e-03
-1.519845661314685875e-02
-1.825423488041826720e-02
-4.144802238657364912e-02
-5.921846407024669579e-02
6.962754979833146295e-04
4.016801179395754207e-02
-3.404091661543717784e-02
-1.336162491069055325e-02
-5.353567181501617603e-03
-7.136028390090542323e-03
-2.861812782312676134e-02
1.538206628509295251e-02
7.761723381245819522e-03
-2.845493337856525029e-02
3.655591729922372940e-02
3.247790851612621099e-02
2.738606311948115976e-02
1.584512125699064078e-02
2.784317977989693785e-02
1.733538451177737928e-03
3.288203813568339826e-03
3.471296392030537303e-02
-1.142229978278534730e-02
1.637257666965013722e-02
-9.751323487725957820e-03
1.686954152945573104e-02
-3.531909488792665808e-02
-1.905075383889491807e-03
2.876530620388868462e-02
3.409511026083369284e-02
