-4.988034973238832381e-01
-4.972688914081486167e-01
-4.919245747023962001e-01
-4.748144343525247391e-01
-4.805782999386201682e-01
-4.899674899592876276e-01
-4.379076969911964157e-01
-4.592994599519618082e-01
-4.630672163416929554e-01
-3.947353644945217899e-01
-4.342252713527859909e-01
-3.571828867662085183e-01
-3.937897948958272165e-01
-3.521168274852293778e-01
-3.995418356360518897e-01
-3.174578492206531211e-01
-3.553683775341108797e-01
-3.425219743451493049e-01
-3.169862251200234460e-01
-2.958691019830023139e-01
-3.002386066626657191e-01
-2.895682157977761406e-01
-2.512725994578157152e-01
-3.029840222685737383e-01
-2.862038475662997961e-01
-1.939480007357280156e-01
-2.154054468184634086e-01
-2.112469250338261106e-01
-2.179290276734568987e-01
-1.231960164542744290e-01
-1.872274429722015909e-01
-1.443593639037882570e-01
-1.802874171186063801e-01
-1.305520961094415178e-01
-1.317802708495312003e-01
-1.166607977891012393e-01
-1.574494858376430384e-01
-1.054625657034018171e-01
-1.302728092840543528e-01
-5.630472584748411058e-02
-2.047222244736603136e-02
-7.538673302389868602e-02
-7.880112697719571235e-02
-5.212127887008668331e-02
-1.196380719109954721e-01
-5.798208702898299816e-02
-7.477900500290918240e-02
-3.924360703978758969e-02
-5.531974407758131346e-02
-2.008264087587340735e-02
3.475118440537543207e-03
-5.808916877384577571e-02
-7.298184342325748919e-02
-4.500516182412984262e-02
-1.886998256938556690e-02
-1.791315338383183547e-02
2.682744085652115709e-02
-9.030925031719531926e-03
1.493037543272637824e-05
-3.072216930639207200e-02
4.547161673070308774e-03
-9.595278297322340846e-03
-3.706294404103974843e-02
-1.547557848302664324e-02
-2.688844491367921308e-02
-3.295673678110260484e-03
2.298586728309560262e-02
-1.386228779889887852e-02
2.757823484903013100e-04
-2.688451654042921246e-02
1.121356825531244668e-02
7.539595991528270577e-03
-7.219931972268235285e-03
-6.408400397071639318e-03
3.480248389976663137e-02
1.005052143982706515e-02
-1.606417294080758618e-03
-1.138402069666299976e-02
-1.607780146363454619e-03
-2.191530373508720174e-03
-1.464111160860724799e-02
1.974988718216455063e-03
3.271155959818303205e-02
-1.974524538291498946e-02
-9.245862932398382986e-03
1.653104483604387470e-02
2.727815380852427127e-02
-7.429325346885172487e-02
2.519767464708299459e-02
-3.589337825530770909e-02
-2.434835193914913418e-02
-1.628526954990412723e-02
1.592297596285129416e-02
1.389445087328462954e-02
-3.680622863331179523e-02
2.216026850918847990e-02
1.396005058724057550e-02
1.225877228054944763e-02
-2.220187904647365467e-03
1.165561594872440571e-02
