-3.999048613107363814e-01
-4.067610072643890184e-01
-3.908296337763531580e-01
-4.009085359748902899e-01
-3.621967023998760027e-01
-3.704527670637203784e-01
-3.708498183835792217e-01
-3.876688382265223165e-01
-3.337632868206992787e-01
-3.474227731909838024e-01
-3.195877230612745867e-01
-3.354249415663873579e-01
-2.970915423460562255e-01
-2.994461719237972996e-01
-2.807434492139875837e-01
-2.828363778666957984e-01
-2.987864751209001746e-01
-2.930704348129884451e-01
-2.612090713822370347e-01
-2.593662964594929954e-01
-1.955586447370322167e-01
-2.075870630767184810e-01
-2.383936601826203983e-01
-2.222629772964098693e-01
-1.732034486968831166e-01
-2.317255291331686007e-01
-2.110145148383413827e-01
-2.047187719521338378e-01
-1.639248467434092638e-01
-1.924751319271347794e-01
-1.762502484075016140e-01
-1.394886416296125531e-01
-1.744152399147821941e-01
-1.352445715554139449e-01
-1.317351198042994165e-01
-1.286235470296885341e-01
-1.719194932071213267e-01
-1.293769178077241733e-01
-7.646345206930066363e-02
-8.543944173415475574e-02
-5.559932306058947005e-02
-9.980998401019178234e-02
-8.390529622339840121e-02
-6.255455056058208119e-02
-7.848726340349676533e-02
-3.670035991685170057e-02
-7.966048644405532286e-03
-3.640450718073084263e-02
-3.250761075176972215e-02
-6.330640483709581989e-02
-9.724518174172061546e-02
-2.849704497500173128e-02
-2.377003271559684217e-02
-2.309158980614191975e-02
-5.572585181004841015e-03
-6.164659856204877941e-02
-1.713655681269146344e-02
2.943912659521620220e-02
2.605358886650641775e-02
-2.779038283019608785e-02
-6.580483488629337331e-03
-4.950030752516525884e-03
4.004653123742818455e-02
-3.429219451565878457e-02
1.988236746362205543e-02
-4.286869334543582516e-03
-2.834802403766052692e-02
-1.947564277766443072e-02
5.893491333403007293e-03
-1.276054147160791269e-02
2.144308913879849551e-03
-4.892330764132186635e-03
2.468551340748890988e-02
2.972657491317292136e-02
7.216413541026747355e-03
-3.419676105485396772e-02
-6.310305139412547559e-02
-3.198457025511967922e-02
5.053605947480461352e-02
-1.239615281313078549e-02
2.992574658093869258e-02
-1.698192987730923545e-02
1.777920858055285136e-03
-1.679733237369763349e-02
-8.985430525044007383e-03
8.036398255832631274e-03
-4.153879858799090774e-02
1.828613058046303641e-02
-3.300100033981171604e-02
1.002482297708560087e-02
-5.218347894685816668e-02
1.585222180683940746e-02
3.336493540668395569e-02
-3.625219965334344069e-02
-3.092637003125311285e-02
-1.663819452983547956e-02
-1.359232418026678092e-03
-9.572802233187432952e-03
-1.317858329523378079e-02
3.018188918093812553e-02
