-1.279424972956097750e-01
-1.468673103249183154e-01
-1.122886823357301250e-01
-1.057165283812878942e-01
-1.416466242413357557e-01
-1.399594320059643071e-01
-1.333103652646527026e-01
-1.257243241905994791e-01
-1.048248725569334572e-01
-1.292512819049364825e-01
-1.622042760803232286e-01
-1.479893066268261059e-01
-9.713345850462579145e-02
-1.013312098614663065e-01
-1.511006198048661653e-01
-1.028052073830482693e-01
-8.844321590589025728e-02
-1.242086442484502395e-01
-1.230278826457247981e-01
-6.665370029218135872e-02
-1.167107685814423312e-01
-7.508635248822273511e-02
-6.645433349903467901e-02
-8.259694472623484163e-02
-5.913493832118357774e-02
-6.684623338009733351e-02
-8.006773084704223165e-02
-5.248825257187068882e-02
-1.019284540475188100e-01
-5.046428469791049143e-02
-1.238094117778239939e-02
7.606101909101187220e-03
-6.762638603998077924e-02
-8.593183748697222346e-02
-6.140764094326606193e-02
-5.376807335244135344e-02
-1.990040815985477315e-02
-6.458171502485184068e-02
-1.359330194723059812e-02
4.889199189742492874e-03
-2.034496776322965161e-02
2.495895544308988565e-02
-4.435337772609116574e-03
-3.672193093425914212e-02
9.954003266552574614e-03
-1.424021547772451150e-02
7.793579195725666708e-03
-4.188150413183958087e-02
-4.020661973211289014e-02
-1.134102053663637970e-02
-2.109358128212323810e-02
-5.499789290016444607e-03
-1.170270035137171115e-02
4.567014679794814680e-02
-2.315544175696674506e-02
-1.789907724894671676e-02
1.736355337737059690e-02
-3.619674321385522170e-02
2.172120544020401944e-02
-1.480125888279973552e-03
-5.444052238601365667e-03
1.783981614683214159e-02
-6.250723604613422912e-02
-2.170654959325629338e-02
-2.422981871065190210e-02
-3.820376609449749328e-02
-3.589788790061163720e-02
-3.466064168744021484e-02
-1.254059131041379560e-02
3.817185875044287746e-02
-1.881254873147877871e-02
-7.205865151844959016e-02
-1.595757469142077001e-02
4.717984102036930708e-03
3.382329651139388133e-02
3.387855636350488742e-04
1.149895227450687882e-02
-2.557384331975351074e-02
2.266255175125494840e-03
1.944990526072400486e-02
-4.540573728554382626e-02
2.735995899136758544e-02
-6.313802096736032682e-03
5.438435470248345616e-03
-3.712525132652779759e-03
1.240771629356367603e-02
1.029757840474828344e-02
1.772733204958416159e-02
-1.698439419721495258e-02
1.525145124152766166e-02
3.159573162888851261e-02
-2.820651227674525474e-02
-2.396821265308006835e-02
-6.174456029454463216e-03
1.111862577094354645e-03
-7.558011453075146741e-03
-6.892614474778810396e-02
-2.916182095109826067e-02
1.174818475680388004e-02
4.965218699218695159e-02
