-3.057965996256931662e-01
-2.924953142235834358e-01
-2.506007592858322530e-01
-2.748308451824087451e-01
-2.541077439797871929e-01
-2.692795545862028961e-01
-2.404257525356222613e-01
-2.790127547609507208e-01
-2.278844526700370410e-01
-2.463589698463546362e-01
-2.323014890804750709e-01
-1.808106613652194217e-01
-2.394013874695530564e-01
-2.394839023517466303e-01
-2.644701808898451412e-01
-2.045038535684648440e-01
-1.751006569039876837e-01
-2.034531813475327355e-01
-1.713463920884304714e-01
-2.148545531426406252e-01
-1.711543439670986100e-01
-1.723739301706006533e-01
-1.335207262146223539e-01
-1.404905277242704531e-01
-1.688841181989521045e-01
-1.638394227588110263e-01
-1.006095634286545415e-01
-1.573418835059092191e-01
-9.690277967528154734e-02
-1.457562709208194418e-01
-8.019307164411296207e-02
-9.713967040993343183e-02
-1.241061285315368107e-01
-7.971953275981338849e-02
-1.124748598930323806e-01
-5.180262507153648999e-02
-5.213535549726168450e-02
7.903386810059476186e-03
-5.375487321278080155e-02
-6.591871532868887051e-02
-5.550299976241387240e-02
-2.940781826966021653e-02
-5.554501397369221438e-02
-3.766051677857118474e-02
-2.468605202638019663e-02
-4.694347453870642561e-02
-4.092076901170518810e-02
-1.066027098424751629e-03
5.702634821483230226e-03
-8.084786162716177393e-02
-6.614716302585209318e-02
-2.925863448362198138e-02
-4.375917766739813308e-02
5.150357528068287560e-02
-3.720209064132330712e-02
1.032420275435244963e-02
-5.731793563826106247e-02
-4.538795647901571612e-02
-4.317221061073061444e-02
-3.534042290935780067e-02
-3.729598640085619865e-02
-2.575249135599349398e-02
1.136348192843536845e-02
-7.810759281370232253e-03
-1.159253648893247141e-02
2.204580076544057285e-02
-2.405347165848258431e-02
-2.185956486975779850e-02
-2.968096352289064516e-02
3.965568991174703295e-02
-4.908806107089822186e-03
1.775590728675973187e-02
2.181806867493171417e-02
-3.132942181612675958e-02
3.841910791171908313e-02
-7.704246452087493841e-03
8.924112954353628779e-03
3.019895905439864969e-02
7.100791279204373557e-03
-4.143563043147939495e-02
-2.864431817024949700e-02
4.995430460926216648e-02
-6.325166679691374486e-03
1.134815190715426914e-02
1.891858553943797684e-03
-1.058286406308988660e-02
-7.627467517911488623e-03
-8.941679661045864869e-03
-1.518199261115277254e-02
2.610133378028892115e-02
5.193253989154807647e-03
-1.674355302890751310e-02
-1.132026224922414066e-02
-3.855215991990533497e-02
1.105406858621077850e-03
-3.987725823457858448e-02
-3.377436916879821005e-02
-2.808912356637809429e-02
2.996158813067953397e-02
3.139391377598588911e-02
