-4.510123214673356640e-01
-4.513414828335913231e-01
-4.499350741821673272e-01
-4.233807293150992912e-01
-3.918366112484579222e-01
-3.664645285890480442e-01
-3.820413088676243851e-01
-3.789688530665327182e-01
-3.873765207485045936e-01
-3.593727148959589002e-01
-3.866845389414453882e-01
-3.808974719871225934e-01
-3.565122940961372722e-01
-3.430300724048679917e-01
-3.051754887820767870e-01
-3.202688654923916967e-01
-2.889978574872861250e-01
-3.109918524874480394e-01
-3.179878955140759134e-01
-3.317299373523966421e-01
-2.499814898165112487e-01
-2.281002197292083533e-01
-2.723381077087303481e-01
-2.660138277283585762e-01
-2.143495740870328126e-01
-2.198122495198878978e-01
-1.977928784288765229e-01
-1.672667680615499419e-01
-1.673766507444061080e-01
-2.405353954743662259e-01
-1.616128785033101312e-01
-1.144102430098943302e-01
-1.409561739676512548e-01
-1.060065034800250772e-01
-1.570289649198055582e-01
-1.098340044712682595e-01
-9.915793457257869592e-02
-1.093631221528575670e-01
-1.143428867737726062e-01
-7.883386176525566946e-02
-3.340990225633064248e-02
-7.541497158373851317e-02
-6.835236270973173156e-02
-2.152880743349994130e-02
-6.520395522358339579e-02
-2.245246317291180876e-02
-3.607882535493428522e-02
-6.831661451904606774e-02
-5.654444887555847704e-02
-4.532389936827922738e-02
-1.074198901064161438e-01
9.707119603703656674e-04
-5.629189544704986392e-02
4.174739453791445620e-05
-1.357261080158915154e-02
-2.390657698694407737e-02
-2.211855477413585819e-02
-7.901363584792386180e-03
-4.084652021289728041e-03
6.126074476718167128e-03
2.812027058903156934e-02
6.146394624566531642e-03
-1.472249835555781462e-02
-2.022198870966122886e-02
-2.534909104559057019e-02
-8.273326644649752967e-04
-1.443942070454363666e-02
-1.886969310656210624e-02
-1.161696769660661849e-02
3.071278132299897802e-03
-3.333695165535213722e-02
5.630351588372140004e-02
1.578608889677326002e-02
1.371229532416035415e-02
-2.950353529231871611e-03
-1.954062977309442908e-02
1.462601863223944587e-02
-2.729702781768876194e-02
9.423990141017139083e-03
-7.009562379534380700e-04
1.397062479810654446e-04
1.865534548508891721e-02
1.266081474460382592e-02
2.678320759283452828e-04
-1.222820389086393469e-02
6.863450149536613233e-03
-8.631411833397316727e-03
2.210982926174531044e-02
-1.055921493249074514e-02
-2.811511281657443420e-02
1.740845531953138722e-02
-3.346163762515418777e-02
2.688994402567950262e-02
4.300377282364385538e-03
-5.693184676041291442e-02
-1.239642639779922270e-02
2.441753379950012057e-02
1.415910611376500032e-02
-2.622191025161759934e-02
6.072049472866528422e-03
