-2.356491155797208956e-02
-6.634202080303779059e-02
-5.892219565703892686e-02
-6.693161841157138636e-02
-3.728124210750790452e-02
-6.561662992249141235e-02
-5.851554283100900838e-02
-3.894934111018626827e-02
-7.088042855098489192e-02
-9.792330600274536112e-02
-6.723212631333759515e-02
-1.158708159755103551e-01
-8.360055583406551805e-02
-9.937885317713081312e-02
-1.004866379648657326e-01
-7.307266272607855495e-02
-1.113112408932591668e-01
-1.083727927561855819e-01
-1.039541033896364958e-01
-1.199324554461005388e-01
-7.959434722332678347e-02
-8.933436508606740212e-02
-7.048637468731783207e-02
-8.187733593186850845e-02
-1.072233736602588305e-01
-1.032024466247373207e-01
-1.183219323723550542e-01
-1.368522313228341392e-01
-1.364264071993420147e-01
-9.988045156810637648e-02
-1.150793664276606454e-01
-1.639624085363471095e-01
-1.318242280819422740e-01
-1.116479504613608897e-01
-1.527785698009676008e-01
-1.334904671558984623e-01
-1.742643061545144922e-01
-8.754964707564528992e-02
-1.384946477494379269e-01
-1.568367288045836583e-01
-1.506537064650656232e-01
-1.633170920712654628e-01
-1.778174947978864440e-01
-1.862849323097665322e-01
-1.617979817888493821e-01
-1.669702886379507978e-01
-1.824223413628451584e-01
-1.656294504387433586e-01
-2.077133381097301945e-01
-1.893126541483860781e-01
-2.524096952417078654e-01
-2.141496311575566414e-01
-1.726494535094577898e-01
-1.809129564154331737e-01
-2.277486778336837159e-01
-2.149685561326888372e-01
-2.246202016098595156e-01
-2.217537465243854533e-01
-1.917016146179405522e-01
-1.681738290771935818e-01
-2.435115146266194353e-01
-2.255331905554051053e-01
-1.742002963820767913e-01
-2.038719364665929068e-01
-2.141339153224587344e-01
-1.607576709850781771e-01
-1.779217874622798234e-01
-1.852447959225460017e-01
-1.472642391895505887e-01
-1.992818930403031930e-01
-1.738157433055879109e-01
-1.737502065545768470e-01
-2.596031717309548181e-01
-1.678749130737423600e-01
-1.578021032211372188e-01
-2.021715934244026625e-01
-1.270295746784040058e-01
-1.824887019582654979e-01
-1.596145027715871190e-01
-1.507951282931470627e-01
-1.726986998022247144e-01
-1.271592753265014808e-01
-1.681554025908975347e-01
-1.107428787743587606e-01
-1.578417134602742578e-01
-1.559907684967572761e-01
-1.798363613437223285e-01
-1.052378087925413264e-01
-1.028381795982549335e-01
-1.367847305766999033e-01
-1.490368874734866456e-01
-1.146637305175547822e-01
-1.427596544372675691e-01
-8.760712294270191214e-02
-8.648136587250518370e-02
-1.130124698926842641e-01
-7.644689201846253945e-02
-9.791214120077200433e-02
-1.193545371103010844e-01
-1.379855030854877374e-01
