-1.376372661067681857e-01
-1.750998863469830913e-01
-1.590375379531778488e-01
-7.865371825216109503e-02
-1.762742261942471522e-01
-1.347437257559716550e-01
-1.437481089586711280e-01
-9.466751125553998780e-02
-1.404656479845471928e-01
-1.241245746450970189e-01
-1.532773780720501910e-01
-9.715141937261560778e-02
-1.335313481907676736e-01
-1.192418489138900445e-01
-1.228771187262523157e-01
-1.151605345668778868e-01
-1.030166622490251982e-01
-1.723843200642427853e-01
-7.385739767706107906e-02
-9.341399582124193524e-02
-7.326712107517359407e-02
-7.487762949044021732e-02
-7.183542973630467621e-02
-9.273805275426462436e-02
-1.042832077547864306e-01
-6.960269782737554811e-02
-5.226022206270290738e-02
-7.105504196760650815e-02
-3.488436446904620569e-02
-3.788441785947844337e-02
-8.302548064269374417e-02
-6.915743457443980502e-02
-3.758610034749341328e-02
-2.929637549189503115e-02
-8.377179084685000554e-03
-5.072801631695744023e-02
-6.851469816926500367e-02
-2.403873955300595694e-02
-6.560240551807955400e-04
-4.548140731284452953e-02
-6.644975804993012714e-02
-5.277589725037944157e-02
-2.042740642057866429e-03
-3.434131719831420154e-02
-2.320639652885397863e-03
-3.764145004251507470e-02
-6.344671545183130923e-02
-1.069500043360906150e-03
-2.679875146698820765e-02
3.273559590431715516e-02
-4.555813533332748327e-02
-2.635169003267360047e-02
1.238949343332702152e-02
-8.327873953930498008e-02
-2.410572550876359521e-02
2.223174075403075434e-02
5.436618740884137380e-02
-5.399329814333032190e-02
3.700510681764378196e-02
-7.073130632068738710e-02
-7.365253960825522000e-03
-2.695671763224922329e-02
-1.857106451602821146e-02
-7.613426588414493740e-03
-6.291376888795820362e-03
-6.710002918634019875e-02
-1.531712223670721011e-02
1.536208123962479362e-02
-4.608327467553543361e-03
-2.458036008873472084e-03
-4.324728990505920245e-02
-1.733703704607041790e-02
-2.129508060312906154e-03
1.655988996102806740e-02
3.700080654452764239e-02
-2.176804441787847169e-02
-1.892930021783177305e-02
-9.561516947214125650e-03
8.524503413240010902e-03
2.578006480012479465e-02
-3.057012379976320818e-02
-1.390072265148828423e-02
1.484854128368241072e-02
-9.421066277935449471e-03
3.244901721537995359e-02
-1.688771623621127677e-02
3.858331318760952963e-03
-1.573823454320967910e-04
1.692183212101048759e-02
3.549930827276184114e-02
-3.806735544310359959e-02
-1.725817584451169034e-02
1.535954114444275376e-02
-2.711377151547809949e-02
5.663878766174542875e-03
1.036355761485328875e-02
-1.115153278181136610e-02
-1.472415714151356463e-02
3.886226832866412906e-02
1.570673448856533747e-02
