-2.496006056736037870e-01
-2.797826346389685748e-01
-2.498603788170358220e-01
-2.228472564876994577e-01
-2.147967458029784726e-01
-2.389031113373872306e-01
-2.444683762903855362e-01
-2.403295344706639636e-01
-2.239321577286394194e-01
-2.042713654589957961e-01
-1.936112295318891396e-01
-2.145000382049017940e-01
-1.796548696149829205e-01
-2.362978374118263891e-01
-1.456704562110344159e-01
-1.927036700469803576e-01
-1.595788165939094894e-01
-1.578594108758168135e-01
-1.521660110246614017e-01
-1.929323268741753306e-01
-1.924175537972844519e-01
-1.258334446739148571e-01
-1.139103373704770522e-01
-1.541686661806019876e-01
-1.385393129632924436e-01
-1.002724926736085070e-01
-1.573342545748104837e-01
-1.273918743103689133e-01
-1.359412486154533417e-01
-6.224495617073950993e-02
-1.810336171374825609e-01
-1.899325187499972811e-02
-6.802996094202080901e-02
-7.905533083636077929e-02
-1.117310073551536359e-01
-6.300611621070990875e-02
-9.583159468312493767e-02
-6.736128498901904071e-02
-2.601287166505987514e-02
-3.089706220141707690e-02
-3.294033602239639091e-02
-3.176693985721306540e-02
-3.990377226030606544e-02
-3.738385218064845666e-02
-4.512137812660214908e-02
-6.331783807730226310e-02
-1.914485311536310436e-02
-3.190668101757294234e-02
-7.074472121122848955e-02
-3.280134967334289581e-03
-1.020753125193606808e-02
-1.693100752454449257e-02
3.232287951066801363e-02
2.294783650494692379e-02
-2.364063253523223523e-02
-2.918671095905562424e-03
-2.934779168549368766e-02
-1.173890867159024624e-02
1.236183474669404377e-02
-3.949370082993879094e-02
1.671234397662563903e-02
-1.918240642334304025e-02
-3.718661438366132471e-02
3.459260558656741813e-02
-2.100358214318854763e-02
-5.092055078700480873e-03
1.646024509691811424e-02
-4.065044440374050022e-02
3.479175091427299908e-03
3.298590344675021019e-02
2.505707470890497154e-02
2.232966024709260450e-02
-5.288597260265501254e-02
-1.063381166384885258e-02
-1.826124079025252638e-03
3.884036243913457920e-02
9.337974569669778985e-03
-1.522812997341542983e-02
-5.605218159589683141e-02
-2.720822280772128114e-03
1.539586731790652981e-02
1.311716675160440673e-02
-1.903211796786678442e-02
1.554083494695397694e-02
9.990287748794075828e-03
-2.884746222819154285e-03
3.023526035498867379e-02
2.110851602407980664e-03
1.325605019899852265e-02
3.060020447836246486e-03
3.788513046596711509e-02
1.708963271686768023e-02
2.188995063947354186e-02
-5.136441999592097907e-02
1.254027782549261422e-02
-1.284168469963926570e-02
8.801282423480513359e-03
-5.416475981520565801e-03
4.145402321187906247e-02
-2.571867559065602396e-02
