-1.861496093150047104e-01
-2.145433441622419668e-01
-1.771627741324160454e-01
-1.757825814021523048e-01
-1.891051796901257742e-01
-2.244756260477293319e-01
-1.711402304157489396e-01
-1.809370470807678544e-01
-1.838074392834593562e-01
-1.634724457866901792e-01
-1.560880467273396688e-01
-1.675903485098880208e-01
-1.860357751132140081e-01
-9.164999516157312787e-02
-1.801108922395694978e-01
-1.104993444992709573e-01
-1.143502338691019665e-01
-2.089148114209235518e-01
-1.363220357671856287e-01
-1.541587078443813208e-01
-1.174690144099164030e-01
-9.647176864149110964e-02
-1.015510634082867070e-01
-8.825084731396179438e-02
-8.268736591810775527e-02
-9.700088676123611031e-02
-6.393849846543972482e-02
-1.243522060146564773e-01
-6.284600022224143268e-02
-8.174726728560860467e-02
-6.787095243198271177e-02
-7.323852286238281828e-02
-5.751060920341149324e-02
-1.343614765241377684e-01
-6.613662761010434543e-02
-5.429289078031355326e-02
-3.840595602273835785e-02
-4.404834467704477063e-02
-3.553182279757884782e-02
-2.253642578608164998e-02
-2.122373790703786095e-02
-6.301419984775080696e-02
-4.534352406159401078e-02
-5.809074386388968225e-02
-9.734476349638573889e-03
8.440143782667622330e-04
-1.371184391130633728e-02
-5.665043923799443354e-02
-3.094909354513485089e-02
1.907317890604397909e-03
-3.203034524917450915e-02
-3.087351296876116036e-03
9.081234208852081990e-03
1.042768307938847332e-02
1.591657651397953427e-02
-7.859418533236449747e-03
7.200930417894550045e-03
-4.287357584425568330e-02
-6.210974055496572277e-02
-2.813547093591130255e-02
-4.122613425705955528e-03
-3.496499110659453957e-02
5.542713205528457254e-02
-3.300268476398608014e-02
2.450584759076799776e-02
-4.971265214809859889e-03
8.171080205129521712e-03
2.916198360037824261e-02
1.371576324452955173e-02
3.454610413900942312e-02
-6.928275125692406368e-03
1.430056908216562235e-02
5.169641992049079163e-03
-5.203023720857166690e-02
1.061024765570605516e-02
2.308116864156543532e-02
-4.089857709416060139e-02
-2.064055293939491900e-02
5.816788985693017479e-03
-2.268128657010793151e-02
-1.042169722301790336e-02
-6.524192705243315842e-03
1.559670616161511550e-02
-1.948597549356094407e-04
2.565829165651230259e-02
-2.694653198407666664e-02
-7.449235418191461899e-02
-3.275573477390898887e-03
2.590099291596799705e-02
-2.997396131441089004e-02
-2.030012995309028734e-02
-1.216067567689618073e-02
-4.239161483875027690e-03
1.748878898169983764e-02
-3.600334149705568861e-04
-9.035650605533575644e-03
2.124566252811656286e-02
-2.681468793809796067e-02
-7.202165916226692562e-03
-3.528729365603570228e-02
