1.786518372615614858e+00
1.021499114503355177e+00
7.702490050516069831e-01
6.264939984545532248e-01
5.200424859295872393e-01
4.237137091357712770e-01
3.332777502430973593e-01
2.492288092983069581e-01
1.762046196778389029e-01
1.169757407278394362e-01
7.293052191827181785e-02
4.507302349518712420e-02
3.344457071183971897e-02
3.138625675470468196e-02
3.054559432663727855e-02
2.838135833578786515e-02
2.534835066378625379e-02
2.209313720358989028e-02
1.864817334097844739e-02
1.530629616223700556e-02
1.258310562351887783e-02
1.116804200911441537e-02
1.079665098799534317e-02
1.066776235603019742e-02
1.035430223878992112e-02
9.890237240305648284e-03
9.372414976309327572e-03
8.726586553101768964e-03
7.825794148871540595e-03
6.638936702222369458e-03
5.333073215341673987e-03
4.171500741364039463e-03
3.358392399581838945e-03
2.912199186840689052e-03
2.696214051896354130e-03
2.574172442442870974e-03
2.471702183270257577e-03
2.349887538849786562e-03
2.188414011717331169e-03
1.981215593759654871e-03
1.751999329433369433e-03
1.541158216639123679e-03
1.379455358171764083e-03
1.271801183665078510e-03
1.206067828459331638e-03
1.163037254110890978e-03
1.123682416298390488e-03
1.076341578527062384e-03
1.013609620561523343e-03
9.329467280859677454e-04
8.381862447632528390e-04
7.389883471773800450e-04
6.437575484797024208e-04
5.625006449465340700e-04
4.988732998595673445e-04
4.523874547868719570e-04
4.187547150486024372e-04
3.922918279109763903e-04
3.690351803874270887e-04
3.451609885402465226e-04
3.208511876695842812e-04
2.968345863143472224e-04
2.736233212586943624e-04
2.518515095730641221e-04
2.328046202139477205e-04
2.165242196358259407e-04
2.023225987608530787e-04
1.896700263352722792e-04
1.780464232078509616e-04
1.665133587194157674e-04
1.551723834604868042e-04
1.437483412543339746e-04
1.324480673846392806e-04
1.213278125527072874e-04
1.114784107956509873e-04
1.021089734049296507e-04
9.356262183154646949e-05
8.626055403414121430e-05
7.998475761298604405e-05
7.480213332911099609e-05
6.966132835135470098e-05
6.625051761191919845e-05
6.700856394551769121e-05
