4.058682393829826651e+00
2.381909812632393209e+00
1.788633502990239155e+00
1.482282133379640765e+00
1.244633023136537231e+00
1.014065123197980700e+00
7.838538464222690738e-01
5.694071418834185661e-01
3.878903471254162572e-01
2.498550055027945749e-01
1.583550125592903812e-01
1.061864817321369198e-01
8.239336617551956676e-02
7.463699499564854789e-02
7.269212959377810424e-02
7.021310162283055101e-02
6.456796521414956413e-02
5.631123869624030803e-02
4.722670098205247052e-02
3.940548962893026391e-02
3.396507001667985887e-02
3.111868408219509510e-02
3.007718654180578308e-02
2.971864093490698966e-02
2.899999842424671320e-02
2.728538422265108440e-02
2.449442633314405718e-02
2.095960800168264124e-02
1.725033491642671141e-02
1.389136116829450818e-02
1.123306977951543488e-02
9.389364919283126054e-03
8.252919394310258977e-03
7.586230174160580285e-03
7.140271686831019260e-03
6.722786966076755612e-03
6.229616490562614288e-03
5.649169785853181032e-03
5.034447976342277913e-03
4.452366136378119003e-03
3.958648753694064999e-03
3.575329738657305381e-03
3.293665242499164286e-03
3.078719544155469542e-03
2.892699808901813031e-03
2.704097451151704027e-03
2.494254117818203980e-03
2.262670375388544947e-03
2.019623538451229255e-03
1.783547307042598288e-03
1.567936263887490878e-03
1.382828390338284056e-03
1.229882106373955501e-03
1.107355553895264478e-03
1.007796295056515501e-03
9.243804490668517749e-04
8.493637581491820035e-04
7.811863366346282790e-04
7.162572292493860592e-04
6.555079760439240120e-04
5.989821692918532873e-04
5.480142909015499070e-04
5.025823203232228148e-04
4.617986431395338428e-04
4.246839390475549113e-04
3.921964691975628929e-04
3.601684693819787717e-04
3.304094578903733368e-04
3.025618316400833694e-04
2.758491142493790490e-04
2.513065687136459693e-04
2.291553453630033161e-04
2.069503024343159151e-04
1.903353734203011907e-04
1.720056636302599883e-04
1.569803514040009004e-04
1.449883573637831798e-04
1.316427681988294022e-04
1.217762485482057740e-04
1.121357691656978725e-04
1.035222036149715250e-04
9.650231961337017207e-05
9.063850614117657312e-05
