3.481271897082625628e+02
2.206017065106420887e+02
1.327630447078014413e+02
6.818026430972493301e+01
3.934635950548086214e+01
2.471118018638447822e+01
1.662704399511304487e+01
1.178017190591749674e+01
8.522561961735814151e+00
6.459773303839629222e+00
5.008149116820131752e+00
3.976197755607553841e+00
3.306621831415117896e+00
2.797271592300324627e+00
2.398578654030376622e+00
2.106878584922192488e+00
1.896146130520523387e+00
1.724943662589900395e+00
1.577486674816489076e+00
1.445558942476155684e+00
1.321454948303717458e+00
1.190470126274363327e+00
1.047830852649557443e+00
8.963678217257730063e-01
7.404860340168389898e-01
5.801239827689541606e-01
4.264056927355267534e-01
2.950686741796310075e-01
1.910383936886940470e-01
1.220008585304296900e-01
8.628113930670938680e-02
7.451698023814920524e-02
7.179562916098183867e-02
6.416589966896094066e-02
4.999363563478861211e-02
3.713741697067574760e-02
3.106310302129040163e-02
2.982460692438343094e-02
2.853780765928074642e-02
2.439374298895579871e-02
1.837584895660311288e-02
1.280889767986928725e-02
9.365361057592251279e-03
7.301551454175603251e-03
5.557039329871169171e-03
