3.518321537042700697e+02
2.222100979341153391e+02
1.331669444031909677e+02
6.872601196937908696e+01
3.955133885309433595e+01
2.488938070113705692e+01
1.666321608852914693e+01
1.183376745745766456e+01
8.556206485934362505e+00
6.494176840591225464e+00
5.023997243819660063e+00
3.993944115128686967e+00
3.318612960656171396e+00
2.806075687302895805e+00
2.407702308749889220e+00
2.115696116982056729e+00
1.902231780518897297e+00
1.731153733115623261e+00
1.581679837773624531e+00
1.450581315502308399e+00
1.326459440286801073e+00
1.194604835493913164e+00
1.052203790738183153e+00
8.994673254788733141e-01
7.430253830827838746e-01
5.825392021019368816e-01
4.283543407240481549e-01
2.960977820243997916e-01
1.917663060616613402e-01
1.224448904959361262e-01
8.654641790437780924e-02
7.461664522868932670e-02
7.195544354799589259e-02
6.435796896324767757e-02
5.012841004065835687e-02
3.720911047545327061e-02
3.110377953458251521e-02
2.988908804403354186e-02
2.857434420925517721e-02
2.447319854427816924e-02
1.844563055968012275e-02
1.285547839048219523e-02
9.358441607378116880e-03
7.294292073711129178e-03
5.869526031451814153e-03
