3.426640146163097143e+02
1.928928723785816715e+02
9.317747698488648211e+01
4.752731771134526895e+01
2.501952900378148215e+01
1.358237396814388909e+01
8.606483134063138252e+00
6.133722315837712991e+00
4.031744099445074170e+00
2.955282812191649899e+00
2.234555574182780724e+00
1.743219960525427714e+00
1.431360253959780504e+00
1.205082659529084443e+00
1.048418037214178478e+00
9.177654555511856049e-01
8.105361184458509394e-01
7.438893988787917966e-01
6.768484107910124337e-01
6.152608399065651046e-01
5.534740228631208625e-01
4.969616942649501268e-01
4.415395366469964111e-01
3.765237939259483135e-01
3.169414086168018674e-01
2.521916631863032610e-01
1.927027917367072074e-01
1.372154756256930008e-01
8.913841967719378367e-02
5.348383673041297304e-02
3.490644259307091463e-02
3.145031574979020167e-02
2.961627492987529628e-02
2.516313194962028002e-02
1.974990761516380242e-02
1.419498065868951032e-02
1.115739246545134622e-02
1.073546919976054413e-02
1.020850034965573375e-02
9.379223320728680494e-03
8.181948113432133129e-03
6.220476664454719501e-03
4.236186403341149834e-03
2.964422688093601606e-03
2.881682032214965064e-03
