1.795572172488523410e+00
1.028906605300040633e+00
7.723465377829435985e-01
6.277571909551727947e-01
5.228675119809754746e-01
4.257962122106092595e-01
3.338061376702620153e-01
2.496688189861005491e-01
1.764141690873873569e-01
1.167776579737622722e-01
7.248930297643495224e-02
4.473014230407767328e-02
3.322462082575529385e-02
3.125256035464028803e-02
3.049601570412944704e-02
2.835611434781409174e-02
2.540449180574920821e-02
2.207235095058036195e-02
1.864122876237924234e-02
1.522741214630742197e-02
1.251253691326148325e-02
1.112156706777409597e-02
1.077536665151376978e-02
1.070595244453423356e-02
1.039471434572239276e-02
9.948053966738182666e-03
9.405236191830510656e-03
8.740915113738935080e-03
7.812594819490516207e-03
6.604786969708054817e-03
5.282911890970506084e-03
4.122480641841175242e-03
3.325196458948292445e-03
2.899571628591743420e-03
2.701847101541725391e-03
2.581984115980219627e-03
2.479489070030565200e-03
2.354521439076500897e-03
2.189192049405533011e-03
1.974885397899217056e-03
1.743543638576260839e-03
1.532627215716485854e-03
1.376922707092070701e-03
1.274179932819509420e-03
1.213679272509684583e-03
1.171037304192786401e-03
1.131384628657949518e-03
1.083011775203622257e-03
1.017366821856354906e-03
9.344370233243627167e-04
8.373187812711576673e-04
7.360869596705910947e-04
6.408554002203917287e-04
5.600932166572109494e-04
4.977207187924841906e-04
4.526633039874296423e-04
4.199646435959841165e-04
3.943473292962397687e-04
3.702046631911673014e-04
3.465156989401091707e-04
3.217783927816905221e-04
2.971713732227012706e-04
2.733420071962810462e-04
2.518687859054791851e-04
2.331670352693132121e-04
2.171125848898109996e-04
2.029718484842376008e-04
1.905389441358587652e-04
1.790821964074448098e-04
1.674443954550208530e-04
1.559508784755670255e-04
1.441281900936775202e-04
1.324824845637608982e-04
1.214980159993458042e-04
1.111912640414010616e-04
1.017611586495358679e-04
9.362296073067901813e-05
8.641817919876763942e-05
8.029262856999966227e-05
7.491872232632135892e-05
7.033761225053086004e-05
6.682378367645578092e-05
6.731708283665370745e-05
