4.074926529469627745e+00
2.389689164645599107e+00
1.793930115862246488e+00
1.486261171967726114e+00
1.249633206338223168e+00
1.017136154212157972e+00
7.866121686414944136e-01
5.716032074893001580e-01
3.893369659218720025e-01
2.510215613984388416e-01
1.589520269013847409e-01
1.065843909760863933e-01
8.262699426592570728e-02
7.478179986262678547e-02
7.286789983069365262e-02
7.036993213292230820e-02
6.478302000148862538e-02
5.648624927692780934e-02
4.738459792894203493e-02
3.951586403817874266e-02
3.405212787265663593e-02
3.117328763364278152e-02
3.011967774356295521e-02
2.978108058795158469e-02
2.906693418019194036e-02
2.737074178518128162e-02
2.458118108660870688e-02
2.104586712580994168e-02
1.732565946533600257e-02
1.394588815220394393e-02
1.127062598741593660e-02
9.410877686659088748e-03
8.267839187294356157e-03
7.596430033943498555e-03
7.153736253146236561e-03
6.735299934977550390e-03
6.245091161328917596e-03
5.666285672047062169e-03
5.051586966488950774e-03
4.465539793686330340e-03
3.968023418837936765e-03
3.582848393941651458e-03
3.298803896374607244e-03
3.083350453904313768e-03
2.899234304661193942e-03
2.710503168364191036e-03
2.501380732682985560e-03
2.270632623311686846e-03
2.027882356145538790e-03
1.791108936538511262e-03
1.573879139944170868e-03
1.386930660617266163e-03
1.233145206868783549e-03
1.109438292559960116e-03
1.009663580729918200e-03
9.254327581043034125e-04
8.520648211003083302e-04
7.834878380878870958e-04
7.187810744710910115e-04
6.583161607787179660e-04
6.012323277073018798e-04
5.504050054165194597e-04
5.033730609938725977e-04
4.628150058504074994e-04
4.259098409396606033e-04
3.922069349380386417e-04
3.612661645120831622e-04
3.316198830171858576e-04
3.031543375030908280e-04
2.779162691460740396e-04
2.528306557293427898e-04
2.290700246758354045e-04
2.086956577403520721e-04
1.883952948007994687e-04
1.726253429960437663e-04
1.577901912442854551e-04
1.446512073619168437e-04
1.327363956333466109e-04
1.212190377527695717e-04
1.116950317304239867e-04
1.034655310455276876e-04
9.450334952693186560e-05
8.855544130114288075e-05
