3.456463532317656586e+02
1.937160640186445164e+02
9.314968291548933621e+01
4.791590076330268033e+01
2.504850325260867905e+01
1.360898681764155604e+01
8.636274107920423049e+00
6.190889190437352418e+00
4.044819655863260088e+00
2.983124399605171728e+00
2.248775970146917214e+00
1.751630345687519075e+00
1.438780127689843313e+00
1.210974160235666730e+00
1.059609598006449493e+00
9.275649052073906553e-01
8.156360338181352088e-01
7.484082167375600836e-01
6.813781284766982083e-01
6.165127651509587636e-01
5.567054620902267548e-01
4.994532224200737280e-01
4.440989693100944047e-01
3.782885378282229705e-01
3.186601062948088980e-01
2.532836459369811055e-01
1.927974262473768075e-01
1.373164773542598083e-01
8.890042003503864643e-02
5.325224950582627820e-02
3.471930681377290856e-02
3.137902713117238229e-02
2.965328254444392006e-02
2.524030420618669432e-02
1.973098233833518386e-02
1.416614283321126870e-02
1.113328353100516421e-02
1.076986995062302957e-02
1.026347599160658611e-02
9.412368243981892799e-03
8.162823497630672387e-03
6.189598526592795559e-03
4.185084773193417651e-03
2.986154623914440056e-03
2.893780771784206299e-03
