1.613863650555365584e-02
4.583677687511429621e-02
9.228818287893270078e-02
1.516411137895630756e-01
2.137887303564050545e-01
2.770851274135694986e-01
3.382354624256639353e-01
3.976517363119613790e-01
4.510250748065922077e-01
4.947853188289039750e-01
5.270226595550483450e-01
5.503619407502500227e-01
5.661320088882733081e-01
5.821168521591858491e-01
5.977778057353461127e-01
6.130426680782461446e-01
6.292699956796914407e-01
6.453859305082135789e-01
6.602083168761542220e-01
6.731234954374009094e-01
6.859363712975556915e-01
6.998399377387733988e-01
7.141855123622790069e-01
7.276039402944939338e-01
7.406192853891174765e-01
7.537283182031455642e-01
7.670172953076095368e-01
7.807352847043532718e-01
7.942104022529911100e-01
8.066259823999831768e-01
8.176662489861721284e-01
8.269679664717232148e-01
8.344571129720825819e-01
8.407946985246042004e-01
8.471230321075651215e-01
8.536992400189307162e-01
8.603675989243997346e-01
8.671483396704454671e-01
8.741472683039992475e-01
8.810346531900650202e-01
8.874561459739968017e-01
8.931995791077902425e-01
8.982339727019683639e-01
9.029309358677241049e-01
9.074845528600595790e-01
9.121247906736646982e-01
9.168387437333401779e-01
9.214893050277764841e-01
9.262550556194862894e-01
9.310244446183926215e-01
9.356080596541794803e-01
9.398761939197655124e-01
9.438028677732497318e-01
9.472565322966208790e-01
9.502968616818668890e-01
9.530781025982318910e-01
9.557041519221440851e-01
9.582534246259638566e-01
9.607706456627500557e-01
9.632605801361175946e-01
9.657060372503696311e-01
9.680655297641201917e-01
9.703147862672604207e-01
9.724371169186457609e-01
9.744383257489963590e-01
9.763367100359501283e-01
9.781621346604416622e-01
9.799397118623713876e-01
9.816879307522797804e-01
9.834104895288273696e-01
9.850987175238015148e-01
9.867350984311664686e-01
9.883000793078908774e-01
9.897774333236794009e-01
9.911591105993824424e-01
9.924451730891366008e-01
9.936456609683799179e-01
9.947709695966771015e-01
9.958388742898404145e-01
9.968791557173801721e-01
9.979194371449199297e-01
9.989597185724596873e-01
9.999999999999994449e-01
