4.409055225551128387e-03
6.144960643723607063e-04
3.093715349677950144e-04
2.191499806940555573e-04
1.854512811405584216e-04
1.493658346589654684e-04
1.088231074390932918e-04
9.204244997818022966e-05
8.371451258426532149e-05
7.891201676102355123e-05
7.511674630222842097e-05
7.170908793341368437e-05
6.925286288606002927e-05
6.679353100480511785e-05
6.463315367000177503e-05
6.267290154937654734e-05
6.144065991975367069e-05
5.928461541770957410e-05
5.848170985700562596e-05
5.776228499598801136e-05
5.701624468201771379e-05
5.612774839391931891e-05
5.511002018465660512e-05
5.529466943698935211e-05
5.445483839139342308e-05
5.413175313151441514e-05
5.387904457165859640e-05
5.416829299065284431e-05
5.330568819772452116e-05
5.329998020897619426e-05
5.280260666040703654e-05
5.277738091535866261e-05
5.251102265901863575e-05
5.259260069578886032e-05
5.239727033767849207e-05
5.223456901148892939e-05
5.212207906879484653e-05
5.169182986719533801e-05
5.226668872637674212e-05
5.167136623640544713e-05
5.154280370334163308e-05
5.156095357961021364e-05
5.146416515344753861e-05
5.145990871824324131e-05
5.117715045344084501e-05
5.102859358885325491e-05
5.111911013955250382e-05
5.091400089440867305e-05
5.064968354417942464e-05
5.109694029670208693e-05
5.050555046182125807e-05
5.065069490228779614e-05
5.030976171838119626e-05
5.034607966081239283e-05
4.992532194592058659e-05
4.988108776160515845e-05
4.982110112905502319e-05
4.956144402967765927e-05
4.957064447808079422e-05
4.936318146064877510e-05
4.917709156870841980e-05
4.894093581242486835e-05
4.872338104178197682e-05
4.888398325419984758e-05
4.848630123888142407e-05
4.828338933293707669e-05
4.804159107152372599e-05
4.790374441654421389e-05
4.765817720908671618e-05
4.752987297251820564e-05
4.735852417070418596e-05
4.721137156593613327e-05
4.722644735011272132e-05
4.680545680457726121e-05
4.696296309703029692e-05
4.652469942811876535e-05
4.645811713999137282e-05
4.608418021234683692e-05
4.585862188832834363e-05
4.552838800009340048e-05
4.548110518953762949e-05
4.513679959927685559e-05
4.506244658841751516e-05
4.474207889870740473e-05
4.440516931936144829e-05
4.395147334435023367e-05
4.341337989899329841e-05
4.292664380045607686e-05
4.214629734633490443e-05
4.126781277591362596e-05
3.908552389475516975e-05
3.337961970828473568e-05
2.627235517138615251e-05
2.359609061386436224e-05
2.233416125818621367e-05
2.177300666517112404e-05
2.104862142005003989e-05
2.061776831396855414e-05
2.016779762925580144e-05
2.032573138421867043e-05
1.975860323000233620e-05
1.945330950547941029e-05
1.934790998348034918e-05
1.937563138199038804e-05
1.913481537485495210e-05
1.897425136121455580e-05
1.874797999334987253e-05
1.856984272308181971e-05
1.862081808212678879e-05
1.843631980591453612e-05
1.857025199569761753e-05
1.839173637563362718e-05
1.845243241405114532e-05
1.834475551731884480e-05
1.815266659832559526e-05
1.812687150959391147e-05
1.802194310585036874e-05
1.808984052331652492e-05
1.792829425539821386e-05
1.780736056389287114e-05
1.790177157090511173e-05
1.789912494132295251e-05
1.778551450115628541e-05
1.784364394552540034e-05
1.774702468537725508e-05
1.756140591169241816e-05
1.760100712999701500e-05
1.765607703418936580e-05
1.767129106156062335e-05
1.757742575136944652e-05
1.748048089211806655e-05
1.742607491905800998e-05
1.740822153806220740e-05
1.731650809233542532e-05
1.752146818034816533e-05
1.719705505820456892e-05
1.732120836095418781e-05
1.736436206556390971e-05
1.715600228635594249e-05
1.727874587231781334e-05
1.723686000332236290e-05
1.698917003523092717e-05
1.713502933853305876e-05
1.718225757940672338e-05
1.702029658190440387e-05
1.709904245217330754e-05
1.708285162749234587e-05
1.709949538053479046e-05
1.693032936600502580e-05
1.705368958937469870e-05
1.702164627204183489e-05
1.691074066911824048e-05
1.691444958851207048e-05
1.704920759948436171e-05
1.683410118857864290e-05
1.703948873910121620e-05
1.704370879451744258e-05
1.688955853751394898e-05
1.677451473369728774e-05
1.675505154707934707e-05
1.694351703918073326e-05
1.654339575907215476e-05
1.683858135947957635e-05
1.678412991168443114e-05
1.666065509198233485e-05
1.675260136835277081e-05
1.679324668657500297e-05
1.673625956755131483e-05
1.659173722146078944e-05
1.673891893005929887e-05
1.670214805926661938e-05
1.663270268181804568e-05
1.663081638980656862e-05
1.676316060184035450e-05
1.650577723921742290e-05
1.661329042690340430e-05
1.658954170125070959e-05
1.656810309214051813e-05
1.653231083764694631e-05
1.642303504922892898e-05
1.646753480599727482e-05
1.643558243813458830e-05
1.650279409659560770e-05
1.665548006712924689e-05
1.640273876546416432e-05
1.638780850043985993e-05
1.664659612288232893e-05
1.643532596062868834e-05
1.652095124882180244e-05
1.637974492041394114e-05
1.630223232496064156e-05
1.642118331801611930e-05
1.629537473490927368e-05
1.649758451094385237e-05
1.638715548324398696e-05
1.644096118980087340e-05
1.649014484428334981e-05
1.622690433578100055e-05
1.627994060982018709e-05
1.634914951864629984e-05
1.633881947782356292e-05
1.619541399122681469e-05
1.628594509384129196e-05
1.628154313948471099e-05
1.620851253392174840e-05
1.636359593248926103e-05
1.613169479242060333e-05
1.623277967155445367e-05
1.616216650290880352e-05
1.617387169972062111e-05
1.605096622370183468e-05
1.609256833035033196e-05
1.626731682335957885e-05
1.612734740774612874e-05
1.612484084034804255e-05
1.621422052267007530e-05
1.617458292457740754e-05
1.614585198694840074e-05
1.608055208635050803e-05
1.625531876925379038e-05
1.600815267011057585e-05
1.613484710105694830e-05
1.629663165658712387e-05
1.606063233339227736e-05
1.599091046955436468e-05
1.607247759238816798e-05
1.597222399141173810e-05
1.597756818227935582e-05
1.606582736712880433e-05
1.599662027729209512e-05
1.617692578292917460e-05
1.612736014067195356e-05
1.593187698745168746e-05
1.591508225828874856e-05
1.603474629519041628e-05
1.600948417035397142e-05
1.603273267392069101e-05
1.591229738551191986e-05
1.594129935256205499e-05
1.602056181582156569e-05
1.610631807125173509e-05
1.590574174770154059e-05
1.576177965034730732e-05
1.594123568793293089e-05
1.585367499501444399e-05
1.587262158864177763e-05
1.587010410730727017e-05
1.587659244250971824e-05
1.579600211698561907e-05
1.584845085744746029e-05
1.579003401275258511e-05
1.589558632986154407e-05
1.593372144270688295e-05
1.595722642377950251e-05
1.593066372151952237e-05
1.596088259248062968e-05
1.576902104716282338e-05
1.576706017658580095e-05
1.576266913616564125e-05
1.576887916598934680e-05
1.575421447341796011e-05
1.576017530169337988e-05
1.581230026204138994e-05
1.575910937390290201e-05
1.569206324347760528e-05
1.569444248161744326e-05
1.576348222442902625e-05
1.579464333190117031e-05
1.577318471390753984e-05
1.572366818436421454e-05
1.562021316203754395e-05
1.576916474732570350e-05
1.567741492181085050e-05
1.571888424223288894e-05
1.575470014358870685e-05
1.570642052683979273e-05
1.572201836097519845e-05
1.580492062203120440e-05
1.568566767673473805e-05
1.558757867314852774e-05
1.563612750032916665e-05
1.569053893035743386e-05
1.563631303724832833e-05
1.567690742376726121e-05
1.569788946653716266e-05
1.572808105265721679e-05
1.558145049784798175e-05
1.568040715937968343e-05
1.565449019835796207e-05
1.563578007335308939e-05
1.553567744849715382e-05
1.557219729875214398e-05
1.565847924211993814e-05
1.567729850648902357e-05
1.558979602123145014e-05
1.553725269332062453e-05
1.567325853102374822e-05
1.553245783725287765e-05
1.551771129015833139e-05
1.559041993459686637e-05
1.543696453154552728e-05
1.551768036733847111e-05
1.557238647365011275e-05
1.543577309348620474e-05
1.545713348605204374e-05
1.554493246658239514e-05
1.558716758154332638e-05
1.552667526993900537e-05
1.548056206956971437e-05
1.546447492728475481e-05
1.553311267343815416e-05
1.543472171761095524e-05
1.547722058603540063e-05
1.544758197269402444e-05
1.539645563752856106e-05
1.555265771457925439e-05
1.546224484627600759e-05
1.551102104713208973e-05
1.538163451186846942e-05
1.543853977636899799e-05
1.530287408968433738e-05
1.540332232252694666e-05
1.553936090203933418e-05
1.539195909572299570e-05
1.555865492264274508e-05
1.534953480586409569e-05
1.528520442661829293e-05
1.551064451632555574e-05
1.528422399132978171e-05
1.533607792225666344e-05
1.538565447845030576e-05
1.531042471469845623e-05
1.525201332697179168e-05
1.520145815447904170e-05
1.542117388453334570e-05
1.529949076939374208e-05
1.530126610305160284e-05
1.535025512566789985e-05
1.527936183265410364e-05
1.522620641480898485e-05
1.531496673123911023e-05
1.526287996966857463e-05
1.529850305814761668e-05
1.548731961520388722e-05
1.521217836852883920e-05
1.514883661002386361e-05
1.530877852928824723e-05
1.532351234345696867e-05
1.539903496450278908e-05
1.524290473753353581e-05
1.531185080239083618e-05
1.527480890217702836e-05
1.532538226456381381e-05
1.510339916421798989e-05
1.525500101706711575e-05
1.520184832770610228e-05
1.522711045254254714e-05
1.523639184597413987e-05
1.523695937066804618e-05
1.526375490357168019e-05
1.515718849987024441e-05
1.511197388026630506e-05
1.524608433101093397e-05
1.515683379693655297e-05
1.505931959400186315e-05
1.534620241727679968e-05
1.516948850621702150e-05
1.508929381088819355e-05
1.501837323303334415e-05
1.508433888375293463e-05
1.503503790445392951e-05
1.517182408861117437e-05
1.512600647401995957e-05
1.504888223280431703e-05
1.507370598119450733e-05
1.500638791185338050e-05
1.509161666035652161e-05
1.505502950749360025e-05
1.504146712250076234e-05
1.517800046713091433e-05
1.515955682407366112e-05
1.511423579358961433e-05
1.498771416663657874e-05
1.505654108768794686e-05
1.509628964413423091e-05
1.511411301180487499e-05
1.510476704424945638e-05
1.488238103775074705e-05
1.504946976638166234e-05
1.490444265073165298e-05
1.490079466748284176e-05
1.509071262262295932e-05
1.494623666076222435e-05
1.501247515989234671e-05
1.486315977672347799e-05
1.503935436630854383e-05
1.505610907770460472e-05
1.499163499829592183e-05
1.503677958680782467e-05
1.498861547588603571e-05
1.491989132773596793e-05
1.501695533079328015e-05
1.489339592808391899e-05
1.492214505560696125e-05
1.500003963883500546e-05
1.494460957474075258e-05
1.492681803938467056e-05
1.476861962146358564e-05
1.489844635216286406e-05
1.489438000135123730e-05
1.496012828283710405e-05
1.477734713262179866e-05
1.491598959546536207e-05
1.487640111008659005e-05
1.501722181274089962e-05
1.485995289840502664e-05
1.485402935941237956e-05
