4.770000000000000284e+01
4.770000000000000284e+01
5.570205972741230482e+01
6.752837301924074609e+01
7.836313200784364597e+01
8.608166232178895427e+01
9.380019263573427679e+01
1.015187229496795851e+02
1.085384871261245081e+02
1.146408836951597863e+02
1.207432802641950786e+02
1.268456768332303710e+02
1.329480734022656634e+02
1.389064027926550011e+02
1.447540065178192208e+02
1.506016102429834120e+02
1.564492139681476033e+02
1.622968176933118229e+02
1.681036546224783876e+02
1.738643955697420154e+02
1.796251365170056147e+02
1.853858774642692424e+02
1.911466184115328701e+02
1.969637693999192152e+02
2.029266827064341498e+02
2.088895960129490561e+02
2.148525093194639624e+02
2.208154226259788970e+02
2.268243995915718756e+02
2.329613402391670149e+02
2.390982808867620975e+02
2.452352215343572368e+02
2.513721621819523762e+02
2.577818617230594782e+02
2.646136274815035563e+02
2.714453932399475775e+02
2.782771589983916556e+02
2.851332972835553505e+02
2.934937090388017396e+02
3.018541207940481286e+02
3.102145325492944608e+02
3.198365951875590554e+02
3.311475202864691596e+02
3.424584453853792638e+02
3.571917748219806299e+02
3.728672215281886224e+02
3.950907859489653902e+02
4.180660854424752415e+02
4.410237618230921157e+02
4.643846419098258025e+02
4.883409102746363146e+02
5.112695351928844616e+02
5.338773743545294792e+02
5.567339657246162687e+02
5.814164729440941528e+02
6.091627583382869489e+02
6.376534741565194508e+02
6.645199072751410085e+02
6.903364641254040635e+02
7.166090316389834243e+02
7.441581666844281244e+02
7.722134916858842644e+02
8.000485894824854540e+02
8.274891571767561800e+02
8.541587840408379861e+02
8.812993422657515339e+02
9.104764350949349136e+02
9.430884132239887094e+02
9.838839241910529836e+02
1.037770105213840452e+03
1.094414315024189364e+03
1.148871948232432487e+03
1.201594166501565724e+03
1.259161446438497933e+03
1.331458109420146684e+03
1.410569753852225404e+03
1.488211863112832816e+03
1.568612814807178438e+03
1.674552217815718677e+03
1.816489879924609340e+03
1.983112010818067574e+03
2.195107208110806823e+03
2.499000000000000000e+03
