9.811403296671163616e+02
3.624549692226152615e+02
3.812319511805301318e+02
9.921200089918499998e+01
4.778756553188435419e+01
2.599139507368570889e+01
1.721843778120791058e+01
8.711506046100691236e+00
8.113164170292970212e+00
5.939553033295299045e+00
5.179104748687842985e+00
3.792307223097583169e+00
3.045312679179349669e+00
2.595605623385818905e+00
2.085761851528859623e+00
1.855584154699142285e+00
1.680467103854143884e+00
1.648516136574696089e+00
1.357235488384273436e+00
1.345305733758075828e+00
1.181541654969408439e+00
1.045048685180859138e+00
9.576019973490107473e-01
8.048607488967448598e-01
6.724581860657612431e-01
5.179417715571633662e-01
3.916084059800975514e-01
2.649576823831591987e-01
1.702307242457261338e-01
1.062371301258768913e-01
7.045166653095782938e-02
6.002508320865812541e-02
6.266580932063117726e-02
5.775039386154227211e-02
4.611496561360355767e-02
3.216778322573181359e-02
2.505915123493360208e-02
2.417309985506961578e-02
2.486561880037198996e-02
2.303885383473354073e-02
1.784002822934652177e-02
1.178823099530133811e-02
7.742108817269348700e-03
6.314148136790312914e-03
5.617874797141332241e-03
