1.306929494360067195e-02
3.309566071509524587e-02
6.211940438087110161e-02
1.012643672510838283e-01
1.495975069697399462e-01
2.038386230416230627e-01
2.589315235997097231e-01
3.097346696569336366e-01
3.521960358250494361e-01
3.846804658043394554e-01
4.081266465633886509e-01
4.256009072759021072e-01
4.413903718676704946e-01
4.585750741023572052e-01
4.785086609213109465e-01
5.010670403787060856e-01
5.248363227744373694e-01
5.480231522473570926e-01
5.691056292343689149e-01
5.875556165801626429e-01
6.038312526818273573e-01
6.192252965878497495e-01
6.351678842127005398e-01
6.527449198975958655e-01
6.721922351014103514e-01
6.929576561908055155e-01
7.138056829129580949e-01
7.333807399086771373e-01
7.505790582161968594e-01
7.649922008928980999e-01
7.767928775802810382e-01
7.868220292113866643e-01
7.960724058068706643e-01
8.054894927815826611e-01
8.155115734864885058e-01
8.261190983319735004e-01
8.368874607462601922e-01
8.472768717295144913e-01
8.568044650505266535e-01
8.652168193075547853e-01
8.725515479815187936e-01
8.791205436172452314e-01
8.853358492630514220e-01
8.915870999857633539e-01
8.980955782642403573e-01
9.048389604802317132e-01
9.116141862307670651e-01
9.181454323747886281e-01
9.241491085210570278e-01
9.295267793054823313e-01
9.342066163166790060e-01
9.382374348078627024e-01
9.418275457815905582e-01
9.452371771227146002e-01
9.486056036099645983e-01
9.519925276807565950e-01
9.553690062137242256e-01
9.586608843993952300e-01
9.617660924843497439e-01
9.646283994569364584e-01
9.672305194747339296e-01
9.696078577259542586e-01
9.718229564218775485e-01
9.739486810919902871e-01
9.760360982656949291e-01
9.781068957959401233e-01
9.801464004905502403e-01
9.821197599105804255e-01
9.839815931227124945e-01
9.856986453217592148e-01
9.872550339587777835e-01
9.886591778655097196e-01
9.899350164827386278e-01
9.911163700356515616e-01
9.922333148487912924e-01
9.933069938901299967e-01
9.943452040445701634e-01
9.953457731002175457e-01
9.962987667796441293e-01
9.972240750847330970e-01
9.981493833898220647e-01
9.990746916949110323e-01
1.000000000000000000e+00
