2.000000000000000000e+00
1.035451505016722429e+01
1.870903010033444858e+01
2.706354515050167464e+01
3.541806020066889715e+01
4.377257525083611966e+01
5.212709030100334928e+01
6.048160535117057179e+01
6.883612040133779431e+01
7.719063545150501682e+01
8.554515050167223933e+01
9.389966555183946184e+01
1.022541806020066986e+02
1.106086956521739211e+02
1.189632107023411436e+02
1.273177257525083661e+02
1.356722408026755886e+02
1.440267558528428253e+02
1.523812709030100336e+02
1.607357859531772704e+02
1.690903010033444787e+02
1.774448160535117154e+02
1.857993311036789237e+02
1.941538461538461604e+02
2.025083612040133971e+02
2.108628762541806054e+02
2.192173913043478422e+02
2.275719063545150505e+02
2.359264214046822872e+02
2.442809364548494955e+02
2.526354515050167322e+02
2.609899665551839689e+02
2.693444816053511772e+02
2.776989966555183855e+02
2.860535117056856507e+02
2.944080267558528590e+02
3.027625418060200673e+02
3.111170568561872756e+02
3.194715719063545407e+02
3.278260869565217490e+02
3.361806020066889573e+02
3.445351170568562225e+02
3.528896321070234308e+02
3.612441471571906391e+02
3.695986622073578474e+02
3.779531772575251125e+02
3.863076923076923208e+02
3.946622073578595291e+02
4.030167224080267943e+02
4.113712374581940026e+02
4.197257525083612109e+02
4.280802675585284192e+02
4.364347826086956843e+02
4.447892976588628926e+02
4.531438127090301009e+02
4.614983277591973092e+02
4.698528428093645744e+02
4.782073578595317827e+02
4.865618729096989910e+02
4.949163879598662561e+02
5.032709030100334644e+02
5.116254180602006727e+02
5.199799331103679378e+02
5.283344481605350893e+02
5.366889632107023544e+02
5.450434782608696196e+02
5.533979933110367710e+02
5.617525083612040362e+02
5.701070234113713013e+02
5.784615384615384528e+02
5.868160535117057179e+02
5.951705685618728694e+02
6.035250836120401345e+02
6.118795986622073997e+02
6.202341137123745511e+02
6.285886287625418163e+02
6.369431438127090814e+02
6.452976588628762329e+02
6.536521739130434980e+02
6.620066889632107632e+02
6.703612040133779146e+02
6.787157190635451798e+02
6.870702341137124449e+02
6.954247491638795964e+02
7.037792642140468615e+02
7.121337792642140130e+02
7.204882943143812781e+02
7.288428093645485433e+02
7.371973244147156947e+02
7.455518394648829599e+02
7.539063545150502250e+02
7.622608695652173765e+02
7.706153846153846416e+02
7.789698996655519068e+02
7.873244147157190582e+02
7.956789297658863234e+02
8.040334448160535885e+02
8.123879598662207400e+02
8.207424749163880051e+02
8.290969899665551566e+02
8.374515050167224217e+02
8.458060200668896869e+02
8.541605351170568383e+02
8.625150501672241035e+02
8.708695652173913686e+02
8.792240802675585201e+02
8.875785953177257852e+02
8.959331103678930504e+02
9.042876254180602018e+02
9.126421404682274670e+02
9.209966555183946184e+02
9.293511705685618836e+02
9.377056856187291487e+02
9.460602006688963002e+02
9.544147157190635653e+02
9.627692307692308304e+02
9.711237458193979819e+02
9.794782608695652470e+02
9.878327759197325122e+02
9.961872909698996637e+02
1.004541806020066929e+03
1.012896321070234194e+03
1.021250836120401345e+03
1.029605351170568611e+03
1.037959866220735876e+03
1.046314381270903141e+03
1.054668896321070179e+03
1.063023411371237444e+03
1.071377926421404709e+03
1.079732441471571974e+03
1.088086956521739239e+03
1.096441471571906277e+03
1.104795986622073542e+03
1.113150501672240807e+03
1.121505016722408072e+03
1.129859531772575338e+03
1.138214046822742603e+03
1.146568561872909640e+03
1.154923076923076906e+03
1.163277591973244171e+03
1.171632107023411436e+03
1.179986622073578701e+03
1.188341137123745739e+03
1.196695652173913004e+03
1.205050167224080269e+03
1.213404682274247534e+03
1.221759197324414799e+03
1.230113712374582065e+03
1.238468227424749102e+03
1.246822742474916367e+03
1.255177257525083633e+03
1.263531772575250898e+03
1.271886287625418163e+03
1.280240802675585428e+03
1.288595317725752466e+03
1.296949832775919731e+03
1.305304347826086996e+03
1.313658862876254261e+03
1.322013377926421526e+03
1.330367892976588564e+03
1.338722408026755829e+03
1.347076923076923094e+03
1.355431438127090360e+03
1.363785953177257625e+03
1.372140468227424890e+03
1.380494983277591928e+03
1.388849498327759193e+03
1.397204013377926458e+03
1.405558528428093723e+03
1.413913043478260988e+03
1.422267558528428026e+03
1.430622073578595291e+03
1.438976588628762556e+03
1.447331103678929821e+03
1.455685618729097087e+03
1.464040133779264352e+03
1.472394648829431389e+03
1.480749163879598655e+03
1.489103678929765920e+03
1.497458193979933185e+03
1.505812709030100450e+03
1.514167224080267488e+03
1.522521739130434753e+03
1.530876254180602018e+03
1.539230769230769283e+03
1.547585284280936548e+03
1.555939799331103814e+03
1.564294314381270851e+03
1.572648829431438116e+03
1.581003344481605382e+03
1.589357859531772647e+03
1.597712374581939912e+03
1.606066889632107177e+03
1.614421404682274215e+03
1.622775919732441480e+03
1.631130434782608745e+03
1.639484949832776010e+03
1.647839464882943275e+03
1.656193979933110313e+03
1.664548494983277578e+03
1.672903010033444843e+03
1.681257525083612109e+03
1.689612040133779374e+03
1.697966555183946639e+03
1.706321070234113677e+03
1.714675585284280942e+03
1.723030100334448207e+03
1.731384615384615472e+03
1.739739130434782737e+03
1.748093645484949775e+03
1.756448160535117040e+03
1.764802675585284305e+03
1.773157190635451570e+03
1.781511705685618836e+03
1.789866220735786101e+03
1.798220735785953138e+03
1.806575250836120404e+03
1.814929765886287669e+03
1.823284280936454934e+03
1.831638795986622199e+03
1.839993311036789237e+03
1.848347826086956502e+03
1.856702341137123767e+03
1.865056856187291032e+03
1.873411371237458297e+03
1.881765886287625563e+03
1.890120401337792600e+03
1.898474916387959865e+03
1.906829431438127131e+03
1.915183946488294396e+03
1.923538461538461661e+03
1.931892976588628699e+03
1.940247491638795964e+03
1.948602006688963229e+03
1.956956521739130494e+03
1.965311036789297759e+03
1.973665551839465024e+03
1.982020066889632062e+03
1.990374581939799327e+03
1.998729096989966592e+03
2.007083612040133858e+03
2.015438127090301123e+03
2.023792642140468388e+03
2.032147157190635426e+03
2.040501672240802691e+03
2.048856187290969956e+03
2.057210702341137221e+03
2.065565217391304486e+03
2.073919732441471751e+03
2.082274247491639017e+03
2.090628762541806282e+03
2.098983277591973092e+03
2.107337792642140357e+03
2.115692307692307622e+03
2.124046822742474887e+03
2.132401337792642153e+03
2.140755852842809418e+03
2.149110367892976683e+03
2.157464882943143948e+03
2.165819397993311213e+03
2.174173913043478478e+03
2.182528428093645744e+03
2.190882943143812554e+03
2.199237458193979819e+03
2.207591973244147084e+03
2.215946488294314349e+03
2.224301003344481614e+03
2.232655518394648880e+03
2.241010033444816145e+03
2.249364548494983410e+03
2.257719063545150675e+03
2.266073578595317940e+03
2.274428093645485205e+03
2.282782608695652016e+03
2.291137123745819281e+03
2.299491638795986546e+03
2.307846153846153811e+03
2.316200668896321076e+03
2.324555183946488341e+03
2.332909698996655607e+03
2.341264214046822872e+03
2.349618729096990137e+03
2.357973244147157402e+03
2.366327759197324667e+03
2.374682274247491478e+03
2.383036789297658743e+03
2.391391304347826008e+03
2.399745819397993273e+03
2.408100334448160538e+03
2.416454849498327803e+03
2.424809364548495068e+03
2.433163879598662334e+03
2.441518394648829599e+03
2.449872909698996864e+03
2.458227424749164129e+03
2.466581939799330939e+03
2.474936454849498205e+03
2.483290969899665470e+03
2.491645484949832735e+03
2.500000000000000000e+03
