4.627223592251539230e-03
7.302492740564048290e-04
2.653763222042471170e-04
2.201195748057216406e-04
1.927486009662970901e-04
1.601305266376584768e-04
1.422798377461731434e-04
1.334747066721320152e-04
1.121902969316579401e-04
8.059375250013545156e-05
6.065224079065956175e-05
5.131806028657592833e-05
4.874801015830598772e-05
4.704697857960127294e-05
4.522649032878689468e-05
4.453350265976041555e-05
4.218124013277702034e-05
4.044064917252399027e-05
3.639732676674611866e-05
3.131932680844329298e-05
2.739088085945695639e-05
2.543470509408507496e-05
2.434534690110012889e-05
2.294143814651761204e-05
2.093670809699688107e-05
1.561116550874430686e-05
9.121196853811852634e-06
7.034196642052847892e-06
6.047223450877936557e-06
5.626777237921487540e-06
5.145832801645155996e-06
5.003824753657681867e-06
4.702673777501331642e-06
4.384823114378377795e-06
4.185544639767613262e-06
3.980765995947876945e-06
3.900175215676426888e-06
3.574221864255378023e-06
3.738211034942651168e-06
3.442345132498303428e-06
3.304660140202031471e-06
3.381078613529098220e-06
3.058523589061223902e-06
3.064935981456073932e-06
3.022654482265352271e-06
2.955544459837255999e-06
2.824171133397612721e-06
