2.000000000000000000e+00
5.564376866868780525e+00
2.072411035892665510e+01
3.402799239931205477e+01
4.544064167221845452e+01
5.538737405068709307e+01
6.426995083835581113e+01
7.230401887372534020e+01
7.966451928545897943e+01
8.649078165826595921e+01
9.280201731344889993e+01
9.866838640889011458e+01
1.042613411479431562e+02
1.095595607727916416e+02
1.145220476592893419e+02
1.193684092781990387e+02
1.238781597727977157e+02
1.283103156982654696e+02
1.324930831897949588e+02
1.366064352339468542e+02
1.404998984022748232e+02
1.443693251191266427e+02
1.480075139314202772e+02
1.516457027437139118e+02
1.551047610421339016e+02
1.585184249476531591e+02
1.618630853087027504e+02
1.650798468167521946e+02
1.682966083248016389e+02
1.713837492295632217e+02
1.744284320239462716e+02
1.774717229907605258e+02
1.803666581378956266e+02
1.832615932850306990e+02
1.861405404703331499e+02
1.889058998649385046e+02
1.916712592595438593e+02
1.944252231043927850e+02
1.970791402953123281e+02
1.997330574862318429e+02
2.023869746771513860e+02
2.049502329588084990e+02
2.075091458754595521e+02
2.100680587921105769e+02
2.125719096138504938e+02
2.150509520759181044e+02
2.175299945379857149e+02
2.199880033953397458e+02
2.224011790188731368e+02
2.248143546424065278e+02
2.272275302659399188e+02
2.295954576842694053e+02
2.319558530050418881e+02
2.343162483258143709e+02
2.366638490611430257e+02
2.389839892709284470e+02
2.413041294807138968e+02
2.436242696904993181e+02
2.459242839886167076e+02
2.482163534545932748e+02
2.505084229205698136e+02
2.527993159515947923e+02
2.550750472193850840e+02
2.573507784871753756e+02
2.596265097549656957e+02
2.619001430071934351e+02
2.641706406311783439e+02
2.664411382551632528e+02
2.687116358791482185e+02
2.709860906414628516e+02
2.732620745798395205e+02
2.755380585182161894e+02
2.778147552532480518e+02
2.801048406514213411e+02
2.823949260495946305e+02
2.846850114477679199e+02
2.869847418614018579e+02
2.892987945612458134e+02
2.916128472610897120e+02
2.939268999609336106e+02
2.962688237966933116e+02
2.986180635584584593e+02
3.009673033202236070e+02
3.033276675063185053e+02
3.057240803362620341e+02
3.081204931662055628e+02
3.105169059961490916e+02
3.129584704094823451e+02
3.154151204629156382e+02
3.178717705163489882e+02
3.203542448783382497e+02
3.228849351814697570e+02
3.254156254846012644e+02
3.279505206248117020e+02
3.305697183210103844e+02
3.331889160172090669e+02
3.358081137134077494e+02
3.385164782565915971e+02
3.412396260230119651e+02
3.439627737894323332e+02
3.467812019202070815e+02
3.496249847845624004e+02
3.524687676489177193e+02
3.554307148808976535e+02
3.584131874357359493e+02
3.614037048279192277e+02
3.645445369490984717e+02
3.676853690702776589e+02
3.708964698419636647e+02
3.742170942446772983e+02
3.775377186473909319e+02
3.810360173814206632e+02
3.845597247619840005e+02
3.881985068534950756e+02
3.919505639057409212e+02
3.957734299118296803e+02
3.997808462121631123e+02
4.038428674769354529e+02
4.081339045810406105e+02
4.125015980848033337e+02
4.171048057646583516e+02
4.218540908139684120e+02
4.267965194594717104e+02
4.320071084071287828e+02
4.373743431086943474e+02
4.430573913601642175e+02
4.490095891933689813e+02
4.551992908247769378e+02
4.616517195363248334e+02
4.684269012606189904e+02
4.754367406624457999e+02
4.826610323627245975e+02
4.900713311584385679e+02
4.976232888207218252e+02
5.052600513051116309e+02
5.129200294989636859e+02
5.205460951082046677e+02
5.280854130358655993e+02
5.354860339790870967e+02
5.427313432728860789e+02
5.498088568955766959e+02
5.567151043894916711e+02
5.634527673434771486e+02
5.700256415131382255e+02
5.763838076179278005e+02
5.826014454077990194e+02
5.886914522987619875e+02
5.946493605627026682e+02
6.004472902734752324e+02
6.061571956614045575e+02
6.117843899711845097e+02
6.172802157642728389e+02
6.227227309406757740e+02
6.281058699965702772e+02
6.334095079403853106e+02
6.386834362319474394e+02
6.439134938433481921e+02
6.491102261872331383e+02
6.542918097996085862e+02
6.594511021938754993e+02
6.646075407067390870e+02
6.697611780805317494e+02
6.749275167139926452e+02
6.801049436450070971e+02
6.853082180821853626e+02
6.905492761111358959e+02
6.958154026419509819e+02
7.011540067998828363e+02
7.065426181717936061e+02
7.119796132637584378e+02
7.175312320339947973e+02
7.231501705259954633e+02
7.288419282650748983e+02
7.346886101302844736e+02
7.406336893351797244e+02
7.466871746013450775e+02
7.528946657858723484e+02
7.592720976612018831e+02
7.657975228609276428e+02
7.724845279117615746e+02
7.793468718588227375e+02
7.864262701892586165e+02
7.937053523659342318e+02
8.011750049322475888e+02
8.088321202312578180e+02
8.166567561193221536e+02
8.246146732042153644e+02
8.326708045548716655e+02
8.407929294818143262e+02
8.489461517905173196e+02
8.570945353767426695e+02
8.652028194809560091e+02
8.732378146928882643e+02
8.811704401213945630e+02
8.889772809017517829e+02
8.966384198651460338e+02
9.041373272196855169e+02
9.114585698422521318e+02
9.186264243724355083e+02
9.256504905837025490e+02
9.325414601782856607e+02
9.393102356932618022e+02
9.459653893119427721e+02
9.524867559987865206e+02
9.589213231779721127e+02
9.652743543595688607e+02
9.715512336472477273e+02
9.777349838875853720e+02
9.838595140136595774e+02
9.899385807540054429e+02
9.959761708339592587e+02
1.001971727080114078e+03
1.007951667515754025e+03
1.013919969964749157e+03
1.019883158710135945e+03
1.025856693954493494e+03
1.031845299925046902e+03
1.037854082215681956e+03
1.043910711818689606e+03
1.050010563848146603e+03
1.056160702661832147e+03
1.062381908710348398e+03
1.068709139576606958e+03
1.075131555654674457e+03
1.081663364721309108e+03
1.088321785777058039e+03
1.095168646853403970e+03
1.102196377442017365e+03
1.109422894005482704e+03
1.116872635312059856e+03
1.124575222241562415e+03
1.132568678783150290e+03
1.140895771548391849e+03
1.149602550556355027e+03
1.158734057677096644e+03
1.168329008633522790e+03
1.178423172976393744e+03
1.189078732879543850e+03
1.200365690479620298e+03
1.212212770434243112e+03
1.224671867572324572e+03
1.237592102283318127e+03
1.250891818100075625e+03
1.264380081490206294e+03
1.277908813926188941e+03
1.291331759401607542e+03
1.304560663932358921e+03
1.317508589752102580e+03
1.330192377748694071e+03
1.342563036544964007e+03
1.354697907709451329e+03
1.366596716196697344e+03
1.378334175156378706e+03
1.389959550606252378e+03
1.401524057622327746e+03
1.413085965929211170e+03
1.424707287509350863e+03
1.436445116410977789e+03
1.448369022163966520e+03
1.460577244095739161e+03
1.473113789296235836e+03
1.486121467043599068e+03
1.499637029793582087e+03
1.513766660671092950e+03
1.528686236506261594e+03
1.544446233726314404e+03
1.561157815660989399e+03
1.578876091901864584e+03
1.597575438064040100e+03
1.617112447213628911e+03
1.637019555352522957e+03
1.656910610070622852e+03
1.676522048528530377e+03
1.695760572067326621e+03
1.714609626274120274e+03
1.733110641349214120e+03
1.751364776985786648e+03
1.769469659284585532e+03
1.787556233123149013e+03
1.805714767849023019e+03
1.824155016395567827e+03
1.843137881197922752e+03
1.862923479430068028e+03
1.883874050253687074e+03
1.906412860467017936e+03
1.931114383244080045e+03
1.958517095724039109e+03
1.989127862081970761e+03
2.022948015686038389e+03
2.058734925907924207e+03
2.095163397108161007e+03
2.131448751247379732e+03
2.167507522514667016e+03
2.204068134535441004e+03
2.242078675937454591e+03
2.283065350626185136e+03
2.329076607364288975e+03
2.381754898797097212e+03
2.439835504237582427e+03
2.499999999999988177e+03
